#IDA
#TYPE     AREA SOURCE INVENTORY
#COUNTRY  CHINA
#YEAR     2012
#DESC     ida
#DATA     SO2 NOx CO PM10 PM2_5 VOC NH3 BC OC
440102201070000   185.253                                      19446.109                                     415571.344                                       1122.766                                       1066.627                                      19860.203                                         66.903                                        309.322                                        330.654
440102230070230    68.610                                      10397.705                                       5474.690                                       1782.089                                       1692.984                                       1242.009                                         17.286                                        965.001                                        304.737
440102201001000   506.829                                      20357.646                                     300380.875                                        604.572                                        574.344                                      35562.527                                       2306.476                                        166.560                                        178.046
440102230001000     1.902                                         78.517                                         91.014                                         13.856                                         13.163                                         31.787                                          0.456                                          7.503                                          2.369
440102201040000     3.585                                        355.073                                       7903.671                                          4.916                                          4.670                                        421.438                                          1.951                                          1.354                                          1.448
440102230070000   178.367                                      25232.457                                      15913.800                                       5751.242                                       5463.680                                       3484.678                                         49.731                                       3114.298                                        983.462
440102201020000    11.775                                        919.915                                       9437.591                                        108.372                                        102.953                                       1077.404                                         38.417                                         29.856                                         31.915
440102230060000   111.093                                       4241.745                                       6251.524                                       1121.033                                       1064.981                                       2797.532                                         17.517                                        607.039                                        191.697
440102230070231    67.636                                      10781.816                                       5396.978                                       1756.793                                       1668.953                                       1224.379                                         16.621                                        951.303                                        300.412
440102201060000    53.311                                       2141.340                                      31595.873                                         54.852                                         52.109                                       3740.681                                        193.143                                         15.112                                         16.154
440102201080000    38.592                                         96.479                                      13082.578                                         57.888                                         54.993                                       7120.164                                         13.363                                          2.750                                         41.245
440302201070000    61.718                                       6478.537                                     138448.984                                        422.600                                        401.470                                       6616.494                                         25.182                                        116.426                                        124.456
440302230070230   133.780                                      17641.291                                      10674.935                                       3474.842                                       3301.100                                       2421.756                                         29.329                                       1881.627                                        594.198
440302201001000   552.755                                      22202.313                                     327599.281                                        659.354                                        626.386                                      38784.953                                       2515.473                                        181.652                                        194.180
440302230001000     2.074                                         85.631                                         99.261                                         15.111                                         14.356                                         34.667                                          0.497                                          8.183                                          2.584
440302201040000     4.356                                        431.513                                       9605.177                                          5.974                                          5.676                                        512.165                                          2.371                                          1.646                                          1.759
440302230070000   216.766                                      30664.514                                      19339.730                                       6989.372                                       6639.904                                       4234.862                                         60.437                                       3784.745                                       1195.183
440302201020000    13.492                                       1054.078                                      10814.000                                        124.177                                        117.968                                       1234.536                                         44.020                                         34.211                                         36.570
440302230060000   127.296                                       4860.375                                       7163.267                                       1284.528                                       1220.301                                       3205.533                                         20.072                                        695.572                                        219.654
440302230070231    80.019                                      12755.779                                       6385.071                                       2078.431                                       1974.509                                       1448.541                                         19.664                                       1125.470                                        355.412
440302201060000    40.003                                       1606.793                                      23708.525                                         41.159                                         39.101                                       2806.887                                        144.928                                         11.339                                         12.121
440302201080000     0.560                                          1.401                                        189.915                                          0.840                                          0.798                                        103.361                                          0.194                                          0.040                                          0.599
440402201070000     9.707                                       1018.920                                      21774.732                                         66.465                                         63.142                                       1040.617                                          3.960                                         18.311                                         19.574
440402230070230    21.040                                       2774.556                                       1678.913                                        546.510                                        519.185                                        380.885                                          4.613                                        295.935                                         93.453
440402201001000    66.597                                       2674.970                                      39469.684                                         79.440                                         75.468                                       4672.873                                        303.068                                         21.886                                         23.395
440402230001000     0.250                                         10.317                                         11.959                                          1.821                                          1.730                                          4.177                                          0.060                                          0.986                                          0.311
440402201040000     0.426                                         42.214                                        939.654                                          0.584                                          0.555                                         50.104                                          0.232                                          0.161                                          0.172
440402230070000    21.206                                       2999.843                                       1891.964                                        683.755                                        649.567                                        414.287                                          5.912                                        370.253                                        116.922
440402201020000     1.990                                        155.467                                       1594.962                                         18.315                                         17.399                                        182.082                                          6.493                                          5.046                                          5.394
440402230060000    18.775                                        716.859                                       1056.514                                        189.456                                        179.983                                        472.786                                          2.960                                        102.590                                         32.397
440402230070231     9.522                                       1517.961                                        759.835                                        247.337                                        234.970                                        172.379                                          2.340                                        133.933                                         42.295
440402201060000     4.842                                        194.495                                       2869.816                                          4.982                                          4.733                                        339.762                                         17.543                                          1.373                                          1.467
440402201080000     4.718                                         11.796                                       1599.470                                          7.077                                          6.723                                        870.508                                          1.634                                          0.336                                          5.043
440602201070000    23.134                                       2428.344                                      51894.715                                        158.403                                        150.483                                       2480.054                                          9.439                                         43.640                                         46.650
440602230070230    50.145                                       6612.470                                       4001.276                                       1302.472                                       1237.348                                        907.745                                         10.993                                        705.289                                        222.723
440602201001000   291.496                                      11708.406                                     172759.719                                        347.711                                        330.325                                      20453.273                                       1326.536                                         95.794                                        102.401
440602230001000     1.094                                         45.158                                         52.346                                          7.969                                          7.571                                         18.282                                          0.262                                          4.315                                          1.363
440602201040000     2.268                                        224.679                                       5001.206                                          3.111                                          2.955                                        266.673                                          1.235                                          0.857                                          0.916
440602230070000   112.865                                      15966.344                                      10069.776                                       3639.214                                       3457.253                                       2205.000                                         31.468                                       1970.634                                        622.306
440602201020000    10.127                                        791.179                                       8116.859                                         93.206                                         88.545                                        926.628                                         33.041                                         25.678                                         27.449
440602230060000    95.547                                       3648.139                                       5376.662                                        964.151                                        915.943                                       2406.035                                         15.066                                        522.088                                        164.870
440602230070231    29.975                                       4778.375                                       2391.877                                        778.590                                        739.660                                        542.630                                          7.366                                        421.606                                        133.139
440602201060000     8.743                                        351.184                                       5181.785                                          8.996                                          8.546                                        613.479                                         31.676                                          2.478                                          2.649
440602201080000   126.592                                        316.480                                      42914.672                                        189.888                                        180.394                                      23356.215                                         43.834                                          9.020                                        135.295
441302201070000    10.884                                       1142.464                                      24414.934                                         74.524                                         70.798                                       1166.792                                          4.441                                         20.531                                         21.947
441302230070230    23.592                                       3110.972                                       1882.483                                        612.775                                        582.136                                        427.067                                          5.172                                        331.818                                        104.784
441302201001000    85.486                                       3433.704                                      50664.949                                        101.973                                         96.874                                       5998.297                                        389.031                                         28.093                                         30.031
441302230001000     0.321                                         13.243                                         15.351                                          2.337                                          2.220                                          5.361                                          0.077                                          1.266                                          0.400
441302201040000     0.746                                         73.941                                       1645.877                                          1.024                                          0.973                                         87.761                                          0.406                                          0.282                                          0.301
441302230070000    37.143                                       5254.458                                       3313.922                                       1197.650                                       1137.768                                        725.657                                         10.356                                        648.528                                        204.798
441302201020000     2.886                                        225.477                                       2313.209                                         26.562                                         25.234                                        264.078                                          9.416                                          7.318                                          7.823
441302230060000    27.230                                       1039.676                                       1532.285                                        274.772                                        261.033                                        685.691                                          4.294                                        148.789                                         46.986
441302230070231     7.806                                       1244.359                                        622.880                                        202.756                                        192.618                                        141.309                                          1.918                                        109.793                                         34.671
441302201060000     4.314                                        173.282                                       2556.802                                          4.439                                          4.217                                        302.703                                         15.629                                          1.223                                          1.307
441302201080000    58.685                                        146.712                                      19894.180                                         88.027                                         83.626                                      10827.363                                         20.320                                          4.181                                         62.719
441902201070000    30.111                                       3160.757                                      67546.672                                        206.179                                        195.870                                       3228.063                                         12.286                                         56.802                                         60.720
441902230070230    65.269                                       8606.856                                       5208.101                                       1695.311                                       1610.545                                       1181.529                                         14.309                                        918.011                                        289.898
441902201001000   306.174                                      12297.974                                     181458.891                                        365.220                                        346.959                                      21483.182                                       1393.333                                        100.618                                        107.557
441902230001000     1.149                                         47.432                                         54.981                                          8.370                                          7.952                                         19.202                                          0.275                                          4.533                                          1.431
441902201040000     1.836                                        181.895                                       4048.861                                          2.518                                          2.392                                        215.892                                          1.000                                          0.694                                          0.742
441902230070000    91.373                                      12925.983                                       8152.258                                       2946.223                                       2798.912                                       1785.117                                         25.476                                       1595.380                                        503.804
441902201020000     7.466                                        583.311                                       5984.301                                         68.718                                         65.282                                        683.173                                         24.360                                         18.932                                         20.237
441902230060000    70.443                                       2689.656                                       3964.041                                        710.838                                        675.296                                       1773.892                                         11.107                                        384.919                                        121.553
441902230070231    32.566                                       5191.407                                       2598.626                                        845.890                                        803.595                                        589.534                                          8.003                                        458.049                                        144.647
441902201060000    20.109                                        807.702                                      11917.796                                         20.690                                         19.655                                       1410.965                                         72.852                                          5.700                                          6.093
441902201080000    36.941                                         92.352                                      12522.879                                         55.411                                         52.640                                       6815.549                                         12.791                                          2.632                                         39.480
442002201070000     9.175                                        963.087                                      20581.564                                         62.823                                         59.682                                        983.595                                          3.743                                         17.308                                         18.501
442002230070230    19.887                                       2622.521                                       1586.916                                        516.563                                        490.735                                        360.014                                          4.360                                        279.719                                         88.332
442002201001000   111.347                                       4472.453                                      65991.883                                        132.821                                        126.180                                       7812.875                                        506.719                                         36.592                                         39.116
442002230001000     0.418                                         17.250                                         19.995                                          3.044                                          2.892                                          6.983                                          0.100                                          1.648                                          0.521
442002201040000     0.926                                         91.766                                       2042.638                                          1.270                                          1.207                                        108.917                                          0.504                                          0.350                                          0.374
442002230070000    46.097                                       6521.118                                       4112.789                                       1486.360                                       1412.042                                        900.586                                         12.853                                        804.864                                        254.168
442002201020000     5.287                                        413.071                                       4237.778                                         48.662                                         46.229                                        483.789                                         17.251                                         13.406                                         14.331
442002230060000    49.884                                       1904.678                                       2807.133                                        503.379                                        478.210                                       1256.181                                          7.866                                        272.580                                         86.078
442002230070231    12.322                                       1964.316                                        983.264                                        320.066                                        304.063                                        223.067                                          3.028                                        173.316                                         54.731
442002201060000     3.626                                        145.662                                       2149.263                                          3.731                                          3.545                                        254.454                                         13.138                                          1.028                                          1.099
442002201080000    42.960                                        107.400                                      14563.412                                         64.440                                         61.218                                       7926.104                                         14.875                                          3.061                                         45.913
440702201070000    10.851                                       1139.009                                      24341.082                                         74.298                                         70.583                                       1163.263                                          4.427                                         20.469                                         21.881
440702230070230    23.520                                       3101.562                                       1876.788                                        610.921                                        580.375                                        425.775                                          5.156                                        330.814                                        104.468
440702201001000    81.687                                       3281.106                                      48413.328                                         97.441                                         92.569                                       5731.724                                        371.742                                         26.845                                         28.696
440702230001000     0.307                                         12.655                                         14.669                                          2.233                                          2.122                                          5.123                                          0.073                                          1.209                                          0.382
440702201040000     0.962                                         95.256                                       2120.329                                          1.319                                          1.253                                        113.060                                          0.523                                          0.363                                          0.388
440702230070000    47.851                                       6769.148                                       4269.218                                       1542.894                                       1465.749                                        934.840                                         13.341                                        835.477                                        263.835
440702201020000     3.754                                        293.256                                       3008.573                                         34.547                                         32.820                                        343.462                                         12.247                                          9.518                                         10.174
440702230060000    35.415                                       1352.209                                       1992.899                                        357.370                                        339.501                                        891.814                                          5.584                                        193.516                                         61.110
440702230070231     7.492                                       1194.375                                        597.860                                        194.612                                        184.881                                        135.633                                          1.841                                        105.382                                         33.279
440702201060000     2.769                                        111.215                                       1641.002                                          2.849                                          2.706                                        194.281                                         10.031                                          0.785                                          0.839
440702201080000   267.725                                        669.313                                      90758.828                                        401.588                                        381.508                                      49395.289                                         92.703                                         19.075                                        286.131
441202201070000    10.977                                       1152.237                                      24623.775                                         74.832                                         71.091                                       1176.773                                          4.973                                         20.616                                         22.038
441202230070230    10.662                                       1683.911                                        850.779                                        276.940                                        263.093                                        193.011                                          2.450                                        149.963                                         47.357
441202201001000    31.972                                       1284.228                                      18949.021                                        310.378                                        294.859                                       2243.402                                        179.367                                         85.509                                         91.406
441202230001000     1.305                                         53.866                                         62.440                                          9.506                                          9.030                                         21.807                                          0.338                                          5.147                                          1.625
441202201040000     0.118                                         11.719                                        260.867                                          0.162                                          0.154                                         13.910                                          0.058                                          0.045                                          0.048
441202230070000    34.539                                       4821.275                                       3081.591                                       1113.686                                       1058.002                                        674.783                                         10.757                                        603.061                                        190.440
441202201020000     3.916                                        305.968                                       3138.991                                         42.539                                         40.412                                        358.350                                         18.396                                         11.719                                         12.528
441202230060000    16.308                                        622.677                                        917.707                                        164.565                                        156.336                                        410.670                                          3.259                                         89.112                                         28.141
441202230070231     2.503                                        412.214                                        215.923                                         65.087                                         61.832                                         50.470                                          0.905                                         35.244                                         11.130
441202201060000     2.456                                        121.370                                        814.181                                         10.593                                         10.064                                        117.620                                         10.505                                          2.918                                          3.120
441202201080000    80.198                                        200.496                                      27187.205                                        120.297                                        114.283                                      14796.576                                         36.959                                          5.714                                         85.712
440502201070000     6.093                                        639.538                                      13667.193                                         41.718                                         39.632                                        653.157                                          2.486                                         11.493                                         12.286
440502230070230    13.206                                       1741.486                                       1053.792                                        343.024                                        325.873                                        239.067                                          2.895                                        185.748                                         58.657
440502201001000    87.634                                       3519.982                                      51937.996                                        104.535                                         99.308                                       6149.015                                        398.806                                         28.799                                         30.786
440502230001000     0.329                                         13.576                                         15.737                                          2.396                                          2.276                                          5.496                                          0.079                                          1.297                                          0.410
440502201040000     0.524                                         51.934                                       1156.004                                          0.719                                          0.683                                         61.640                                          0.285                                          0.198                                          0.212
440502230070000    26.088                                       3690.542                                       2327.579                                        841.186                                        799.127                                        509.675                                          7.274                                        455.502                                        143.843
440502201020000     3.270                                        255.438                                       2620.585                                         30.092                                         28.587                                        299.168                                         10.668                                          8.290                                          8.862
440502230060000    30.848                                       1177.827                                       1735.893                                        311.283                                        295.719                                        776.805                                          4.864                                        168.560                                         53.229
440502230070231     7.278                                       1160.174                                        580.740                                        189.039                                        179.587                                        131.749                                          1.789                                        102.365                                         32.326
440502201060000     3.590                                        144.191                                       2127.569                                          3.694                                          3.509                                        251.886                                         13.006                                          1.018                                          1.088
440502201080000    68.182                                        170.456                                      23113.779                                        102.273                                         97.160                                      12579.623                                         23.609                                          4.858                                         72.870
440202201070000     3.831                                        402.168                                       8594.500                                         26.234                                         24.922                                        410.732                                          1.563                                          7.227                                          7.726
440202230070230     8.305                                       1095.119                                        662.668                                        215.708                                        204.922                                        150.335                                          1.821                                        116.806                                         36.886
440202201001000    31.406                                       1261.461                                      18613.096                                         37.462                                         35.589                                       2203.631                                        142.921                                         10.321                                         11.033
440202230001000     0.118                                          4.865                                          5.640                                          0.859                                          0.816                                          1.970                                          0.028                                          0.465                                          0.147
440202201040000     0.243                                         24.118                                        536.843                                          0.334                                          0.317                                         28.625                                          0.133                                          0.092                                          0.098
440202230070000    12.115                                       1713.871                                       1080.917                                        390.643                                        371.111                                        236.691                                          3.378                                        211.533                                         66.800
440202201020000     1.349                                        105.422                                       1081.550                                         12.419                                         11.798                                        123.471                                          4.403                                          3.422                                          3.658
440202230060000    12.731                                        486.105                                        716.426                                        128.471                                        122.047                                        320.598                                          2.007                                         69.567                                         21.968
440202230070231     2.987                                        476.171                                        238.354                                         77.588                                         73.708                                         54.074                                          0.734                                         42.014                                         13.267
440202201060000     2.541                                        102.079                                       1506.189                                          2.615                                          2.484                                        178.320                                          9.207                                          0.720                                          0.770
440202201080000    37.806                                         94.514                                      12816.105                                         56.708                                         53.873                                       6975.137                                         13.091                                          2.694                                         40.405
441602201070000     4.661                                        489.319                                      10456.949                                         31.919                                         30.323                                        499.739                                          1.902                                          8.794                                          9.400
441602230070230    10.104                                       1332.434                                        806.270                                        262.452                                        249.330                                        182.913                                          2.215                                        142.118                                         44.879
441602201001000    22.198                                        891.632                                      13156.200                                         26.479                                         25.155                                       1557.582                                        101.020                                          7.295                                          7.798
441602230001000     0.083                                          3.439                                          3.986                                          0.607                                          0.577                                          1.392                                          0.020                                          0.329                                          0.104
441602201040000     0.384                                         38.042                                        846.780                                          0.527                                          0.500                                         45.152                                          0.209                                          0.145                                          0.155
441602230070000    19.110                                       2703.342                                       1704.965                                        616.174                                        585.365                                        373.340                                          5.328                                        333.658                                        105.366
441602201020000     1.162                                         90.757                                        931.091                                         10.692                                         10.157                                        106.294                                          3.790                                          2.946                                          3.149
441602230060000    10.960                                        418.481                                        616.761                                        110.599                                        105.069                                        275.998                                          1.728                                         59.889                                         18.912
441602230070231     1.848                                        294.647                                        147.490                                         48.010                                         45.609                                         33.460                                          0.454                                         25.997                                          8.210
441602201060000     2.039                                         81.915                                       1208.670                                          2.098                                          1.993                                        143.096                                          7.388                                          0.578                                          0.618
441602201080000    39.992                                         99.981                                      13557.417                                         59.989                                         56.989                                       7378.594                                         13.848                                          2.849                                         42.742
441402201070000     4.392                                        461.025                                       9852.288                                         30.073                                         28.569                                        470.842                                          1.792                                          8.285                                          8.856
441402230070230     9.520                                       1255.387                                        759.648                                        247.276                                        234.912                                        172.337                                          2.087                                        133.900                                         42.284
441402201001000    34.647                                       1391.667                                      20534.311                                         41.329                                         39.263                                       2431.087                                        157.673                                         11.386                                         12.171
441402230001000     0.130                                          5.367                                          6.222                                          0.947                                          0.900                                          2.173                                          0.031                                          0.513                                          0.162
441402201040000     0.545                                         53.942                                       1200.721                                          0.747                                          0.709                                         64.025                                          0.296                                          0.206                                          0.220
441402230070000    27.097                                       3833.301                                       2417.615                                        873.725                                        830.039                                        529.390                                          7.555                                        473.122                                        149.407
441402201020000     1.606                                        125.471                                       1287.235                                         14.781                                         14.042                                        146.952                                          5.240                                          4.072                                          4.353
441402230060000    15.153                                        578.551                                        852.674                                        152.903                                        145.258                                        381.568                                          2.389                                         82.797                                         26.146
441402230070231     2.233                                        356.032                                        178.217                                         58.012                                         55.111                                         40.431                                          0.549                                         31.414                                          9.920
441402201060000     1.569                                         63.011                                        929.746                                          1.614                                          1.533                                        110.074                                          5.683                                          0.445                                          0.475
441402201080000    58.143                                        145.358                                      19710.551                                         87.215                                         82.854                                      10727.423                                         20.133                                          4.143                                         62.141
441502201070000     2.887                                        303.030                                       6475.877                                         19.767                                         18.779                                        309.483                                          1.178                                          5.446                                          5.821
441502230070230     6.257                                        825.162                                        499.314                                        162.534                                        154.407                                        113.276                                          1.372                                         88.012                                         27.793
441502201001000     8.512                                        341.918                                       5045.063                                         10.154                                          9.646                                        597.292                                         38.739                                          2.797                                          2.990
441502230001000     0.032                                          1.319                                          1.529                                          0.233                                          0.221                                          0.534                                          0.008                                          0.126                                          0.040
441502201040000     0.163                                         16.167                                        359.872                                          0.224                                          0.213                                         19.189                                          0.089                                          0.062                                          0.066
441502230070000     8.121                                       1148.892                                        724.592                                        261.867                                        248.774                                        158.665                                          2.264                                        141.801                                         44.779
441502201020000     0.426                                         33.280                                        341.424                                          3.921                                          3.725                                         38.977                                          1.390                                          1.080                                          1.155
441502230060000     4.019                                        153.454                                        226.161                                         40.556                                         38.528                                        101.206                                          0.634                                         21.961                                          6.935
441502230070231     1.557                                        248.170                                        124.225                                         40.437                                         38.415                                         28.182                                          0.383                                         21.897                                          6.915
441502201060000     1.950                                         78.344                                       1155.984                                          2.007                                          1.906                                        136.859                                          7.066                                          0.553                                          0.591
441502201080000    12.802                                         32.006                                       4340.041                                         19.204                                         18.244                                       2362.058                                          4.433                                          0.912                                         13.683
441702201070000     3.445                                        361.671                                       7729.049                                         23.592                                         22.412                                        369.372                                          1.406                                          6.500                                          6.948
441702230070230     7.468                                        984.842                                        595.939                                        193.986                                        184.287                                        135.197                                          1.637                                        105.044                                         33.172
441702201001000    29.378                                       1180.004                                      17411.184                                         35.043                                         33.291                                       2061.335                                        133.692                                          9.654                                         10.320
441702230001000     0.110                                          4.551                                          5.276                                          0.803                                          0.763                                          1.842                                          0.026                                          0.435                                          0.137
441702201040000     0.366                                         36.209                                        805.977                                          0.501                                          0.476                                         42.976                                          0.199                                          0.138                                          0.148
441702230070000    18.189                                       2573.079                                       1622.809                                        586.483                                        557.159                                        355.350                                          5.071                                        317.580                                        100.289
441702201020000     1.222                                         95.442                                        979.158                                         11.244                                         10.681                                        111.782                                          3.986                                          3.098                                          3.311
441702230060000    11.526                                        440.085                                        648.601                                        116.308                                        110.493                                        290.246                                          1.817                                         62.981                                         19.889
441702230070231     0.924                                        147.324                                         73.745                                         24.005                                         22.805                                         16.730                                          0.227                                         12.999                                          4.105
441702201060000     1.673                                         67.212                                        991.729                                          1.722                                          1.636                                        117.412                                          6.062                                          0.474                                          0.507
441702201080000    82.958                                        207.394                                      28122.641                                        124.436                                        118.215                                      15305.686                                         28.725                                          5.911                                         88.661
440802201070000     8.268                                        867.945                                      18548.334                                         56.617                                         53.786                                        886.427                                          3.374                                         15.598                                         16.674
440802230070230    17.923                                       2363.445                                       1430.146                                        465.533                                        442.256                                        324.448                                          3.929                                        252.086                                         79.606
440802201001000    45.227                                       1816.620                                      26804.576                                         53.949                                         51.252                                       3173.433                                        205.819                                         14.863                                         15.888
440802230001000     0.170                                          7.006                                          8.122                                          1.236                                          1.175                                          2.837                                          0.041                                          0.670                                          0.211
440802201040000     0.901                                         89.277                                       1987.245                                          1.236                                          1.174                                        105.963                                          0.491                                          0.341                                          0.364
440802230070000    44.847                                       6344.278                                       4001.258                                       1446.053                                       1373.750                                        876.164                                         12.504                                        783.038                                        247.275
440802201020000     2.280                                        178.122                                       1827.385                                         20.984                                         19.935                                        208.616                                          7.439                                          5.781                                          6.180
440802230060000    21.511                                        821.322                                       1210.472                                        217.064                                        206.210                                        541.681                                          3.392                                        117.540                                         37.118
440802230070231     5.094                                        812.034                                        406.474                                        132.313                                        125.697                                         92.214                                          1.252                                         71.648                                         22.626
440802201060000     4.034                                        162.045                                       2390.997                                          4.151                                          3.943                                        283.074                                         14.616                                          1.144                                          1.222
440802201080000    62.035                                        155.088                                      21029.934                                         93.053                                         88.400                                      11445.494                                         21.480                                          4.420                                         66.300
440902201070000     7.034                                        738.352                                      15778.893                                         48.163                                         45.755                                        754.075                                          2.870                                         13.269                                         14.184
440902230070230    15.247                                       2010.560                                       1216.612                                        396.024                                        376.223                                        276.005                                          3.343                                        214.447                                         67.720
440902201001000    46.356                                       1861.968                                      27473.688                                         55.296                                         52.531                                       3252.650                                        210.957                                         15.234                                         16.285
440902230001000     0.174                                          7.181                                          8.324                                          1.267                                          1.204                                          2.907                                          0.042                                          0.686                                          0.217
440902201040000     0.840                                         83.170                                       1851.315                                          1.151                                          1.094                                         98.715                                          0.457                                          0.317                                          0.339
440902230070000    41.780                                       5910.319                                       3727.565                                       1347.141                                       1279.784                                        816.233                                         11.649                                        729.477                                        230.361
440902201020000     3.100                                        242.212                                       2484.897                                         28.534                                         27.107                                        283.678                                         10.115                                          7.861                                          8.403
440902230060000    29.251                                       1116.842                                       1646.012                                        295.165                                        280.407                                        736.584                                          4.612                                        159.832                                         50.473
440902230070231     2.844                                        453.371                                        226.941                                         73.872                                         70.179                                         51.485                                          0.699                                         40.002                                         12.632
440902201060000     1.391                                         55.870                                        824.375                                          1.431                                          1.360                                         97.599                                          5.039                                          0.394                                          0.421
440902201080000   148.844                                        372.110                                      50458.094                                        223.266                                        212.103                                      27461.705                                         51.539                                         10.605                                        159.077
441802201070000     6.107                                        641.050                                      13699.504                                         41.816                                         39.725                                        654.701                                          2.492                                         11.520                                         12.315
441802230070230    13.237                                       1745.603                                       1056.283                                        343.835                                        326.643                                        239.632                                          2.902                                        186.187                                         58.796
441802201001000    37.941                                       1523.953                                      22486.219                                         45.258                                         42.995                                       2662.176                                        172.661                                         12.468                                         13.328
441802230001000     0.142                                          5.878                                          6.813                                          1.037                                          0.985                                          2.380                                          0.034                                          0.562                                          0.177
441802201040000     0.798                                         79.057                                       1759.745                                          1.095                                          1.040                                         93.833                                          0.434                                          0.302                                          0.322
441802230070000    39.713                                       5617.984                                       3543.193                                       1280.509                                       1216.483                                        775.861                                         11.073                                        693.396                                        218.967
441802201020000     2.401                                        187.570                                       1924.319                                         22.097                                         20.992                                        219.682                                          7.833                                          6.088                                          6.508
441802230060000    22.652                                        864.889                                       1274.682                                        228.578                                        217.149                                        570.415                                          3.572                                        123.775                                         39.087
441802230070231     4.489                                        715.572                                        358.189                                        116.596                                        110.766                                         81.260                                          1.103                                         63.137                                         19.938
441802201060000     2.565                                        103.024                                       1520.135                                          2.639                                          2.507                                        179.971                                          9.292                                          0.727                                          0.777
441802201080000    58.858                                        147.146                                      19952.988                                         88.288                                         83.873                                      10859.369                                         20.380                                          4.194                                         62.905
445102201070000     2.107                                        221.171                                       4726.513                                         14.427                                         13.706                                        225.881                                          0.860                                          3.975                                          4.249
445102230070230     4.567                                        602.256                                        364.432                                        118.628                                        112.696                                         82.676                                          1.001                                         64.237                                         20.285
445102201001000    35.537                                       1427.409                                      21061.691                                         42.391                                         40.271                                       2493.524                                        161.722                                         11.679                                         12.484
445102230001000     0.133                                          5.505                                          6.382                                          0.972                                          0.923                                          2.229                                          0.032                                          0.526                                          0.166
445102201040000     0.164                                         16.258                                        361.889                                          0.225                                          0.214                                         19.297                                          0.089                                          0.062                                          0.066
445102230070000     8.167                                       1155.330                                        728.652                                        263.335                                        250.168                                        159.554                                          2.277                                        142.596                                         45.030
445102201020000     1.263                                         98.668                                       1012.254                                         11.624                                         11.042                                        115.560                                          4.121                                          3.202                                          3.423
445102230060000    11.916                                        454.960                                        670.524                                        120.239                                        114.227                                        300.057                                          1.879                                         65.110                                         20.561
445102230070231     1.249                                        199.062                                         99.643                                         32.435                                         30.814                                         22.605                                          0.307                                         17.564                                          5.546
445102201060000     2.254                                         90.526                                       1335.735                                          2.319                                          2.203                                        158.140                                          8.165                                          0.639                                          0.683
445102201080000    54.823                                        137.057                                      18584.900                                         82.234                                         78.122                                      10114.790                                         18.983                                          3.906                                         58.592
445202201070000     5.268                                        553.035                                      11818.591                                         36.075                                         34.271                                        564.812                                          2.150                                          9.939                                         10.624
445202230070230    11.420                                       1505.935                                        911.258                                        296.627                                        281.796                                        206.731                                          2.504                                        160.624                                         50.723
445202201001000    44.416                                       1784.035                                      26323.775                                         52.981                                         50.332                                       3116.510                                        202.127                                         14.596                                         15.603
445202230001000     0.167                                          6.881                                          7.976                                          1.214                                          1.154                                          2.786                                          0.040                                          0.658                                          0.208
445202201040000     0.458                                         45.353                                       1009.517                                          0.628                                          0.597                                         53.829                                          0.249                                          0.173                                          0.185
445202230070000    22.782                                       3222.881                                       2032.631                                        734.592                                        697.863                                        445.090                                          6.352                                        397.782                                        125.615
445202201020000     1.878                                        146.726                                       1505.288                                         17.285                                         16.421                                        171.845                                          6.128                                          4.762                                          5.090
445202230060000    17.719                                        676.555                                        997.113                                        178.804                                        169.864                                        446.204                                          2.794                                         96.822                                         30.575
445202230070231     1.716                                        273.601                                        136.955                                         44.581                                         42.352                                         31.070                                          0.422                                         24.140                                          7.623
445202201060000     2.769                                        111.215                                       1641.002                                          2.849                                          2.706                                        194.281                                         10.031                                          0.785                                          0.839
445202201080000    58.179                                        145.447                                      19722.602                                         87.268                                         82.905                                      10733.982                                         20.145                                          4.145                                         62.179
445302201070000     4.154                                        436.078                                       9319.170                                         28.446                                         27.023                                        445.364                                          1.695                                          7.837                                          8.377
445302230070230     9.005                                       1187.457                                        718.543                                        233.896                                        222.201                                        163.011                                          1.974                                        126.655                                         39.996
445302201001000    22.357                                        898.020                                      13250.446                                         26.669                                         25.336                                       1568.740                                        101.744                                          7.347                                          7.854
445302230001000     0.084                                          3.464                                          4.015                                          0.611                                          0.581                                          1.402                                          0.020                                          0.331                                          0.105
445302201040000     0.281                                         27.821                                        619.279                                          0.385                                          0.366                                         33.021                                          0.153                                          0.106                                          0.113
445302230070000    13.976                                       1977.049                                       1246.900                                        450.629                                        428.098                                        273.036                                          3.897                                        244.016                                         77.058
445302201020000     1.348                                        105.330                                       1080.599                                         12.408                                         11.788                                        123.362                                          4.399                                          3.419                                          3.654
445302230060000    12.720                                        485.677                                        715.796                                        128.358                                        121.940                                        320.316                                          2.006                                         69.506                                         21.949
445302230070231     1.865                                        297.278                                        148.806                                         48.439                                         46.017                                         33.759                                          0.458                                         26.230                                          8.283
445302201060000     1.075                                         43.163                                        636.876                                          1.106                                          1.050                                         75.401                                          3.893                                          0.305                                          0.326
445302201080000    71.133                                        177.832                                      24114.066                                        106.699                                        101.364                                      13124.027                                         24.631                                          5.068                                         76.023
