22.16   113.5651
22.2819 114.1822
22.2833 114.1557
22.2868 114.1429
22.2845 114.2169
22.3212 113.9348
22.2949 113.9206
22.3379 114.2675
22.3586 114.1271
22.3147 114.2233
22.7267 114.24
22.324  114.166
22.3458 113.8911
22.378  114.182
22.3315 114.1567
22.4102 114.1245
22.4524 114.162
22.4728 114.3583
22.3733 114.1121
22.3908 113.9767
22.2903 113.9411
22.5908 114.263
22.4467 114.0203
22.7108 113.5486
23.0389 113.7942
23.0127 113.7944
23.0277 113.7461
22.9658 113.7383
23.0536 113.7819
23.06   113.748
23.0568 113.7552
22.5211 113.369
22.5481 113.365
22.5078 113.402
22.4886 113.434
23.0395 113.105
23.0467 113.144
22.7628 113.257
23.0048 113.134
22.8054 113.292
22.5416 114.1166
23.2783 113.568
23.1311 113.3215
23.1358 113.317
23.105  113.261
23.105  113.433
23.1331 113.26
23.0916 113.348
23.1422 113.235
22.9477 113.352
23.3917 113.215
23.1569 113.281
23.0799 114.405
22.7422 114.5317
22.7833 114.4597
23.1072 114.413
23.0744 114.413
23  113.1088
22.5931 113.0819
22.6069 113.104
22.5328 113.024
22.5811 113.074
22.7671 114.3489
22.7588 113.941
22.5417 113.987
22.5167 113.923
22.5422 114.494
22.7116 114.3437
22.7623 113.862
22.5978 114.297
22.6422 114.1755
22.7263 113.7689
22.5625 114.117
22.5908 114.263
22.6729 113.8111
22.55   114.096
22.6342 114.41
22.5794 113.891
22.75   114.085
22.7267 114.24
22.2293 113.495
22.2611 113.574
22.4251 113.628
22.2281 113.299
23.1077 113.3316
23.4258 113.0677
23.3404 114.1074
22.9397 114.3806
22.8156 113.2672
