    -2.65
    -2.20
    -2.20
    -1.52
    -1.47
    -1.43
    -1.33
    -1.05
    -1.03
    -1.00
    -0.78
    -0.72
    -0.70
    -0.68
    -0.66
    -0.61
    -0.36
    -0.34
    -0.32
    -0.31
    -0.30
    -0.23
    -0.15
    -0.08
    -0.04
    -0.03
    -0.03
    -0.02
     0.11
     0.11
     0.19
     0.20
     0.20
     0.22
     0.23
     0.25
     0.33
     0.39
     0.52
     0.60
     0.67
     0.73
     0.74
     0.77
     0.80
     0.81
     0.88
     0.94
     0.98
     1.01
     1.02
     1.03
     1.41
     1.53
     1.60
     1.82
     2.17
