  -0.31  -1.19  -1.27  -1.07  -0.88  -0.46   0.10  -0.05  -0.40  -0.95  -1.31  -1.69  -1.93  -2.12  -1.88  -1.34  -0.90  -0.62  -0.46  -0.21  -0.11  -0.05   0.60   1.24   1.61   1.67   1.70   1.25   0.59  -0.29  -0.86  -1.10  -0.93  -0.58   0.17   0.64   0.84   1.02   1.08   1.16   1.42   1.66   1.37   1.35   1.15   0.82   0.57   0.74   0.64   0.48   0.67   0.74   0.51   0.42   0.41   0.03  -0.30  -0.48  -0.74  -0.82  -0.83  -0.50
  -0.28  -0.43  -0.12  -0.42  -0.88  -1.35  -1.56  -2.39  -2.48  -2.32  -1.85  -1.19  -0.56   0.26   0.80   0.93   0.79   0.96   0.58   0.16  -0.08  -0.24  -0.43  -0.31  -0.06   0.52   1.04   1.26   1.34   1.34   1.02   0.66   0.69   0.95   1.33   1.67   2.00   2.00   1.60   0.95   0.38   0.16   0.06   0.07   0.20   0.09  -0.53  -0.75  -0.91  -1.09  -0.96  -0.49  -0.41  -0.32  -0.10   0.09  -0.05  -0.32  -0.31  -0.26  -0.26  -0.18
  -0.09  -0.62  -1.16  -1.23  -1.00  -0.74  -0.50  -0.34  -0.17  -0.40  -0.51  -0.93  -1.04  -1.25  -1.28  -1.12  -0.66  -0.41   0.08   0.60   0.91   0.85   0.83   0.37  -0.13  -0.43  -0.23  -0.28  -0.54  -0.72  -0.96  -1.38  -1.85  -1.97  -1.85  -1.52  -1.02  -0.51   0.31   0.63   1.09   1.18   1.17   0.72   0.58   0.28   0.11   0.26   0.58   0.91   1.12   1.31   1.54   1.64   1.67   1.72   1.67   1.45   1.25   1.01   0.62   0.37
   0.13  -0.40  -0.98  -1.40  -1.41  -1.59  -1.62  -1.37  -0.86  -0.67  -0.23  -0.20  -0.36  -0.76  -0.97  -1.15  -1.10  -1.09  -0.76  -0.55   0.04   0.59   0.99   1.18   1.50   1.34   1.39   1.76   2.29   2.36   2.35   2.19   1.89   1.39   0.85   0.28  -0.21  -0.67  -0.83  -0.35   0.13   0.18   0.20   0.12  -0.34  -0.57  -0.53  -0.15  -0.01   0.20   0.16   0.10  -0.17   0.02  -0.02  -0.28  -0.19  -0.13  -0.39  -0.50  -0.39  -0.40
  -1.31  -1.63  -1.88  -2.00  -1.76  -1.43  -0.59   0.16   0.72   0.63   0.16  -0.52  -0.67  -0.75  -0.68  -0.20   0.28   0.57   0.58   0.39   0.12  -0.06  -0.37  -0.64  -0.50  -0.44  -0.54  -0.54  -0.31  -0.29   0.13   0.51   1.09   1.11   1.59   1.41   1.56   1.24   1.57   1.61   1.64   1.33   1.15   0.58   0.21   0.46   0.90   1.14   1.46   1.27   0.68   0.01  -0.44  -0.88  -1.13  -1.42  -1.49  -1.31  -1.07  -0.83  -0.40  -0.24
   1.08   0.95   0.80   0.10  -0.69  -1.11  -1.09  -0.84  -0.44   0.20   0.67   0.68   0.53   0.55   0.86   0.87   0.75   0.86   1.10   1.19   1.17   1.37   1.31   1.26   1.09   1.02   0.77   0.50   0.27  -0.21  -0.68  -1.15  -1.49  -1.90  -1.70  -1.42  -0.91  -0.42  -0.44  -0.73  -0.92  -0.97  -1.16  -1.15  -1.35  -1.55  -1.70  -1.59  -1.17  -0.07   0.54   0.93   1.39   1.41   0.91   1.01   0.96   0.50   0.41   0.07  -0.52  -0.73
  -0.13  -0.20  -0.17  -0.00   0.41   0.87   0.94   0.90   0.93   0.73   0.41   0.63   0.87   0.70   0.56   0.69   0.63   0.52   0.58   0.70   0.90   0.76   0.68   0.41  -0.02  -0.53  -0.68  -1.05  -1.42  -1.37  -1.31  -1.30  -0.91  -0.73  -1.36  -1.81  -2.05  -2.38  -2.14  -1.48  -1.02  -0.73  -0.51  -0.47  -0.43  -0.63  -0.65  -0.47  -0.11  -0.07   0.41   0.84   1.07   0.90   1.27   1.74   1.79   1.53   1.39   1.07   0.41  -0.14
   0.66   0.69   0.76   0.93   1.04   1.28   1.36   1.24   1.03   0.96   0.88   0.83   0.91   1.00   0.90   0.67   0.39  -0.10  -0.41  -0.81  -1.17  -1.17  -0.96  -0.88  -0.65  -0.50  -0.69  -0.66  -0.65  -0.87  -1.01  -0.70  -0.54  -0.33   0.03   0.41   0.46   0.61   0.61   0.56   0.47   0.76   0.88   1.02   1.14   1.36   1.15   0.91   0.61   0.20  -0.42  -1.06  -1.53  -1.90  -2.08  -2.23  -2.12  -1.83  -1.33  -0.77  -0.04   0.69
   0.20   0.47   0.60   0.52   0.71   0.79   0.71   0.76   0.81   0.46  -0.08  -0.61  -0.94  -1.43  -1.52  -1.13  -0.57   0.12   0.85   0.99   1.03   1.24   1.15   1.11   1.70   1.86   1.68   1.41   1.35   0.86   0.62   0.60   0.70   0.41   0.27   0.15   0.10   0.21   0.34   0.33   0.31  -0.23  -1.16  -1.67  -1.91  -2.10  -1.94  -1.43  -1.36  -1.31  -1.36  -1.16  -0.68  -0.05   0.23   0.33   0.18  -0.43  -0.93  -1.08  -0.72  -0.36
   1.71   1.73   1.59   1.46   1.17   0.76   0.37   0.06  -0.20   0.18   0.61   0.43   0.31   0.21  -0.36  -1.29  -1.50  -1.61  -1.90  -2.03  -1.88  -1.60  -1.23  -0.68  -0.18   0.44   0.57   0.36  -0.29  -1.08  -1.75  -1.70  -1.18  -0.79  -0.19   0.45   0.50   0.34   0.76   1.12   1.04   0.82   0.55   0.02  -0.47  -0.52  -0.32  -0.03   0.41   0.97   1.21   1.44   1.43   1.18   0.81   0.46   0.05  -0.17  -0.22  -0.47  -0.70  -1.17
   0.90   1.21   1.31   1.44   1.40   1.28   0.95   0.68   0.47   0.51   0.49   0.54   0.59   0.57   0.47   0.10  -0.42  -1.18  -1.87  -2.60  -2.56  -2.42  -2.14  -1.95  -1.56  -1.59  -1.32  -0.89  -0.53  -0.20  -0.00   0.06   0.12   0.20   0.12   0.24   0.25   0.43   0.66   0.73   0.61   0.81   1.06   1.16   1.12   1.04   0.72   0.11  -0.15  -0.24  -0.32  -0.15   0.01  -0.09  -0.06   0.13   0.20   0.31   0.15   0.05  -0.29  -0.65
   0.78   0.80   0.76   0.62   0.47   0.17   0.14  -0.04   0.11   0.23   0.37   0.28   0.74   0.95   0.99   0.84   0.61   0.12  -0.38  -0.74  -0.93  -0.81  -0.59  -0.38  -0.28  -0.26  -0.36  -0.41  -0.40   0.02   0.43   0.60   0.52   0.11  -0.49  -1.10  -1.67  -2.13  -2.59  -2.83  -2.65  -2.24  -1.76  -0.91  -0.18   0.44   0.74   0.80   0.66   0.64   0.45   0.69   1.06   1.40   1.38   1.17   0.79   0.57   0.52   0.58   0.70   0.89
   0.86   0.80   1.12   1.40   1.49   1.13   0.60   0.24  -0.02  -0.40  -0.67  -0.42  -0.10   0.49   1.32   1.70   1.75   1.68   1.64   1.30   0.93  -0.11  -0.66  -1.01  -1.56  -1.44  -0.26   0.25   0.45   0.67   0.24  -0.68  -1.02  -1.15  -1.36  -1.54  -1.74  -1.65  -1.62  -1.34  -0.76  -0.26  -0.19  -0.11   0.24   0.37   0.45  -0.66  -1.17  -1.17  -1.34  -1.16   0.14   0.63  -0.20  -0.19  -0.12   0.06   0.59   1.45   1.35   0.71
   0.62   1.00   1.20   1.46   1.97   1.87   1.30   0.90   0.83   0.85   1.08   1.22   1.21   0.97   0.52   0.12   0.17   0.01  -0.44  -0.67  -0.51  -0.42   0.02   0.52   0.63   0.43  -0.12  -0.66  -1.60  -1.85  -1.54  -1.26  -1.59  -1.51  -1.34  -1.62  -1.61  -1.14  -0.51  -0.63  -0.75  -0.95  -0.87  -0.86  -0.84  -0.86  -0.68  -1.03  -0.71  -0.38  -0.15   0.14   0.79   0.83   0.83   1.10   1.10   1.06   1.02   0.95   0.48  -0.07
   0.02  -0.21  -0.48  -0.59  -0.38  -0.26  -0.08  -0.04   0.23   0.60   1.08   1.15   1.00   0.63  -0.15  -1.08  -1.73  -2.07  -2.16  -1.84  -1.47  -1.14  -0.99  -1.17  -1.56  -1.33  -0.82  -0.60  -0.18   0.55   0.45   0.33   0.59   0.91   0.94   1.29   1.42   1.45   1.23   0.91   0.99   0.83   0.81   1.15   1.29   0.98   0.97   1.01   1.03   1.02   0.99   0.49  -0.23  -0.93  -1.36  -1.51  -1.14  -0.59  -0.25   0.13   0.08  -0.23
  -0.66  -0.85  -0.81  -0.15   0.33   0.75   1.19   1.67   1.57   1.39   0.93   0.55   0.24   0.31   0.63   0.85   0.90   0.83   0.57   0.31   0.15  -0.24  -0.84  -1.47  -2.01  -2.47  -2.60  -2.27  -2.03  -1.78  -1.27  -0.88  -0.55  -0.17   0.22   0.52   1.02   1.28   1.50   1.47   1.25   0.97   0.79   0.45   0.25  -0.07  -0.07  -0.00  -0.16  -0.37  -0.27  -0.41  -0.48  -0.15   0.03   0.18   0.14   0.09  -0.06  -0.04  -0.09  -0.07
  -0.49  -0.17  -0.01   0.16   0.66   0.96   1.24   1.54   1.80   1.76   1.65   1.48   1.21   1.02   0.75   0.44   0.04  -0.18  -0.17  -0.10   0.35   0.93   1.30   1.35   1.45   1.31   0.92   0.83   0.82   0.73   0.63   0.52   0.13  -0.45  -1.07  -1.49  -1.54  -1.57  -1.40  -1.28  -1.37  -1.43  -1.39  -1.33  -1.20  -0.90  -0.81  -0.88  -0.90  -0.84  -0.92  -1.08  -1.08  -0.93  -0.70  -0.64  -0.33   0.04   0.25   0.31   0.21  -0.13
   1.21   1.21   0.97   0.26  -0.05  -0.42  -0.68  -0.58  -0.06   0.45   0.60   0.77   0.98   0.74   0.06  -0.40  -0.46  -0.52  -0.65  -0.50  -0.67  -1.47  -2.18  -2.23  -2.53  -2.63  -2.17  -1.30  -0.54   0.24   0.96   0.95   0.31  -0.30  -0.66  -0.86  -0.64  -0.05   0.29   0.39   0.60   0.79   0.89   1.15   1.56   1.50   1.40   1.46   1.19   0.52   0.25  -0.13  -0.62  -0.65  -0.36  -0.21  -0.05   0.16   0.26   0.59   0.74   1.12
  -1.77  -1.98  -1.82  -1.24  -0.70  -0.24   0.05  -0.66  -1.32  -1.66  -1.51  -1.35  -0.71   0.30   1.01   1.21   1.71   2.04   2.02   1.90   1.60   1.33   1.12   0.44  -0.08  -0.23  -0.43  -0.25   0.36   0.78   0.87   0.94   0.70   0.37   0.25   0.08  -0.09  -0.28  -0.63  -0.58  -0.39  -0.30  -0.21  -0.11  -0.57  -0.90  -1.45  -1.34  -0.93  -0.71  -0.72  -0.21  -0.17   0.14   0.45   0.66   0.72   0.76   0.71   0.70   0.98   1.32
  -2.22  -1.61  -0.95  -0.94  -0.99  -0.88  -0.87  -0.70  -0.46  -0.57  -0.64  -0.56  -0.90  -0.76  -0.45  -0.36   0.01   0.55   1.10   1.33   1.22   0.89   0.49  -0.43  -0.67  -0.52  -0.63  -0.43   0.16   0.38   0.57   0.77   0.49   0.27   0.12   0.02  -0.19  -0.51  -0.86  -0.96  -0.68   0.08   1.43   2.32   2.50   2.62   2.20   1.38   0.78   0.48  -0.16  -0.51  -0.53  -0.40   0.33   0.82   0.94   0.56   0.16  -0.75  -1.29  -1.57
  -1.32  -1.88  -1.94  -1.48  -0.96  -0.58  -0.04   0.53   0.45   0.63   0.34   0.00  -0.31  -0.15  -0.61  -0.30  -0.13   0.02   0.15   0.93   1.54   1.90   1.45   0.95   0.17  -0.46  -0.89  -0.05   0.68   1.23   1.66   2.25   2.21   1.91   1.52   1.14   0.89   0.52   0.19   0.26  -0.04  -0.54  -0.44  -0.30  -0.58  -0.69  -0.70  -0.79  -0.82  -0.92  -1.00  -0.92  -1.17  -1.39  -1.25  -0.82  -0.82  -0.83  -0.15   0.38   0.46   0.88
   0.72   0.79   0.83   0.76   0.77   0.93   0.80   1.06   0.98   0.84   0.43   0.29  -0.08  -0.45  -1.01  -1.40  -1.79  -1.79  -1.23  -0.41   0.36   0.90   0.80   0.22   0.10   0.13  -0.12  -0.30  -0.20  -0.82  -1.39  -1.93  -2.05  -2.12  -1.86  -1.65  -1.18  -0.87  -0.52  -0.33  -0.34  -0.31  -0.29  -0.28  -0.05   0.05   0.28   0.44   0.49   0.70   1.17   1.44   1.79   2.00   1.65   1.33   0.92   0.36  -0.02   0.06   0.06   0.32
   0.33   0.23   0.12   0.02   0.14   0.25   0.48   0.76   0.86   0.74   0.55   0.60   0.65   0.79   0.92   1.02   0.80   0.53   0.08  -0.21  -0.83  -1.66  -2.28  -2.90  -2.96  -2.33  -1.47  -1.05  -0.36  -0.14  -0.21   0.03   0.35   0.58   0.78   1.01   1.07   1.23   1.41   1.55   1.24   0.98   0.60   0.51   0.32   0.48   0.68   0.79   0.44   0.05  -0.28  -0.77  -1.05  -1.06  -0.77  -0.77  -1.01  -0.76  -0.59  -0.56  -0.23   0.27
  -0.09   0.54   0.84   1.41   1.43   1.30   1.20   1.01   0.39  -0.11  -0.69  -1.23  -1.67  -2.12  -2.14  -1.91  -1.65  -1.48  -1.03  -0.83  -0.58  -0.42   0.05   0.40   0.50   0.02  -0.65  -1.10  -1.65  -1.74  -1.51  -0.94  -0.64  -0.52  -0.47  -0.35  -0.24  -0.16   0.43   0.76   1.07   1.44   1.67   1.35   1.25   1.15   0.82   0.60   0.58   0.63   0.50   0.54   0.70   0.67   0.59   0.57   0.42   0.25   0.19   0.04   0.19   0.39
  -0.08  -0.04  -0.03   0.29   0.64   0.91   1.10   1.37   1.40   1.01   0.38  -0.45  -1.10  -1.50  -1.66  -1.66  -1.33  -1.07  -0.79  -0.37  -0.09   0.13   0.07   0.06  -0.16  -0.38  -0.45  -0.38  -0.42  -0.45  -0.56  -0.55  -0.04   0.21   0.24   0.69   0.88   0.45   0.39   0.51   0.38   0.36   0.42   0.60   1.12   1.48   1.68   1.96   1.87   1.30   1.03   0.96   0.63   0.24  -0.25  -1.09  -1.90  -2.10  -2.17  -1.94  -1.25  -0.49
   0.91   0.99   0.89   1.05   0.96   0.66   0.41   0.57   0.47   0.54   0.52   0.35   0.21   0.21   0.11   0.25   0.62   0.97   1.06   1.19   0.94   0.51   0.03   0.35   0.82   1.01   1.06   0.79   0.10  -0.71  -1.05  -1.32  -0.98  -0.80  -0.62  -0.50  -0.29  -0.63  -0.92  -1.46  -1.87  -2.30  -2.38  -2.10  -1.81  -1.60  -1.42  -1.09  -0.88  -0.63  -0.32   0.09   0.06  -0.24  -0.07   0.29   0.77   1.12   1.33   1.44   1.36   0.96
  -1.07  -1.52  -1.27  -0.94  -0.44  -0.03   0.19   0.18   0.59   0.80   0.81   0.98   0.93   0.76   0.82   1.22   1.66   1.93   1.64   1.40   0.96   0.52   0.51   0.74   0.70   1.03   1.23   1.24   1.56   1.61   0.98   0.36  -0.27  -1.04  -1.34  -1.37  -1.51  -1.55  -1.47  -1.05  -0.35   0.24   0.58   0.84   0.42  -0.20  -0.57  -0.64  -1.03  -1.07  -0.96  -1.06  -1.06  -0.83  -0.53  -0.23   0.02  -0.09  -0.51  -0.93  -1.16  -1.35
   0.17   0.39   0.57   0.59   0.37   0.17   0.25  -0.05  -0.23  -0.21  -0.35  -0.42  -0.42  -0.15   0.40   0.66   0.48   0.56   0.45  -0.00  -0.20   0.03  -0.02  -0.03   0.16   0.80   1.21   1.50   1.76   1.81   1.39   1.24   1.34   1.56   1.49   1.64   1.47   1.22   0.59   0.21  -0.17  -0.67  -0.96  -0.77  -0.63  -0.66  -0.64  -0.75  -1.25  -1.61  -1.80  -1.85  -1.94  -1.82  -1.88  -1.73  -1.41  -0.96  -0.61  -0.15  -0.11  -0.01
  -1.58  -1.45  -1.44  -1.27  -0.96  -0.50  -0.44  -0.20   0.01   0.35   0.83   1.25   1.79   1.88   1.66   1.35   1.07   0.60   0.44   0.69   0.78   0.85   0.93   1.34   1.26   1.15   1.18   1.17   0.90   0.79   0.86   0.75   0.51   0.38   0.49   0.57   0.55   0.60   0.71   0.40  -0.11  -0.52  -0.89  -1.33  -1.48  -1.30  -1.15  -1.20  -1.18  -1.21  -1.34  -1.36  -1.03  -0.91  -0.92  -0.88  -0.59  -0.43  -0.45  -0.41  -0.59  -0.97
   0.57   0.61   0.65   0.61   0.47   0.31   0.27   0.39   0.49   0.88   1.46   1.67   1.87   1.86   1.77   1.40   1.03   0.44  -0.03  -0.55  -1.03  -1.14  -1.23  -1.32  -1.46  -1.39  -1.39  -0.90  -0.60  -0.41  -0.40  -0.34  -0.74  -0.73  -0.59  -0.40  -0.64  -0.83  -1.25  -1.53  -1.82  -1.61  -1.30  -0.77  -0.55  -0.47  -0.40  -0.30  -0.26  -0.11   0.32   0.88   1.31   1.47   1.60   1.48   1.14   0.68   0.40   0.25   0.24  -0.01
   0.33  -0.03  -0.17  -0.20  -0.28  -0.34   0.00   0.55   1.18   1.93   2.27   2.03   1.39   0.59  -0.19  -0.90  -1.37  -1.83  -1.98  -1.94  -1.59  -1.44  -0.99  -0.89  -0.94  -0.92  -0.94  -1.05  -1.08  -0.87  -0.81  -0.72  -0.72  -0.63  -0.85  -1.05  -0.74  -0.51  -0.26   0.59   0.93   0.80   0.88   0.87   0.58   0.83   0.87   0.73   0.70   0.32  -0.08   0.04   0.25   0.33   0.84   1.22   1.27   1.17   1.19   0.82   0.51   0.31
   0.03   0.57   0.89   0.96   0.80   0.41   0.05  -0.23  -0.25  -0.10   0.17   0.55   0.72   0.67   0.52   0.36  -0.01  -0.16  -0.08   0.22   0.58   1.03   1.35   1.70   1.65   1.48   1.32   1.29   1.05   0.97   0.82   0.95   0.79   0.93   0.87   0.95   0.69   0.72   0.39   0.33   0.13  -0.23  -0.62  -0.80  -1.04  -1.21  -1.22  -1.19  -1.32  -1.25  -1.13  -1.21  -1.46  -1.55  -1.62  -1.67  -1.44  -1.34  -1.30  -1.44  -1.46  -1.58
  -1.20  -1.00  -0.81  -0.78  -1.02  -1.13  -1.17  -1.20  -0.97  -0.61  -0.38  -0.08   0.17   0.47   0.65   0.83   1.11   1.37   1.30   1.26   1.47   1.35   1.36   1.51   1.67   1.64   1.71   1.55   1.30   1.03   0.86   0.74   0.70   0.91   1.00   0.75   0.48   0.23  -0.11  -0.40  -0.53  -0.65  -0.77  -0.96  -1.05  -1.12  -1.36  -1.38  -1.43  -1.43  -1.42  -1.09  -0.94  -0.79  -0.51  -0.25  -0.17  -0.27  -0.22  -0.22  -0.09   0.11
  -1.26  -1.76  -1.75  -1.65  -1.66  -1.65  -1.50  -1.48  -1.51  -1.46  -1.40  -0.96  -0.49  -0.14   0.06   0.51   0.76   0.87   0.73   0.59   0.09  -0.40  -0.93  -0.78  -0.44   0.25   0.69   1.07   1.15   1.21   1.07   1.18   1.00   0.71   0.59   0.42  -0.21  -0.45  -0.58  -0.81  -0.95  -0.70  -0.71  -0.90  -0.85  -0.55  -0.04   0.42   0.92   1.13   1.22   1.00   0.94   0.99   0.98   0.86   0.77   0.99   0.99   1.09   1.14   1.54
   0.21   0.01   0.22   0.30  -0.11  -0.27  -0.73  -1.46  -1.96  -1.76  -1.37  -0.48   0.17   0.65   0.94   1.12   0.85   0.71   0.73   0.94   1.10   1.66   2.04   2.15   1.67   0.95  -0.07  -0.96  -1.42  -1.37  -0.94  -0.34   0.06  -0.06  -0.51  -0.89  -1.14  -0.74  -0.24  -0.07  -0.28  -0.53  -1.29  -2.04  -2.02  -1.16  -0.80  -0.56   0.24   0.56   0.22   0.47   0.91   0.85   0.85   1.00   1.04   0.94   0.65   0.58   0.45   0.30
  -0.13   0.12   0.16  -0.07  -0.56  -0.67  -1.29  -1.87  -2.11  -2.12  -2.24  -1.98  -1.70  -1.54  -1.47  -1.30  -1.27  -1.03  -0.61   0.13   0.27   0.54   0.95   0.95   0.41   0.30   0.26  -0.02   0.07   0.80   1.22   1.25   1.32   1.22   0.48   0.22   0.25   0.31   0.62   0.99   1.07   1.14   1.42   1.33   1.22   0.93   0.74   0.48   0.55   0.49   0.88   0.89   0.70   0.31   0.37   0.05  -0.13  -0.34  -0.46  -0.59  -0.76  -1.14
  -0.27  -0.00   0.61   1.17   1.12   1.07   1.01   0.98   0.49   0.50   0.76   0.81   0.36   0.61   1.25   1.36   1.21   0.67  -0.06  -1.22  -1.95  -1.96  -1.53  -1.25  -0.75  -0.58  -0.99  -1.12  -1.15  -1.38  -1.18  -1.02  -0.98  -0.27   0.23   0.35   1.08   1.40   0.87   0.21  -0.33  -1.22  -1.84  -2.16  -1.79  -1.21  -0.64  -0.10   0.63   0.67   0.86   0.99   1.08   0.91   0.85   0.60   0.35   0.31   0.21   0.28   0.60   0.51
   1.32   1.34   1.50   1.35   0.79   0.59   0.36   0.24   0.31   1.11   1.47   1.39   1.27   0.91   0.35   0.08   0.29   0.90   1.33   1.01   0.84   0.41   0.18  -0.21  -0.26  -0.74  -0.55  -0.62  -0.44  -0.63  -0.56  -0.69  -1.07  -1.21  -0.90  -0.49  -0.34   0.41   0.90   1.16   1.27   1.30   0.85   0.29  -0.11  -0.64  -0.75  -1.12  -1.16  -1.41  -1.18  -1.72  -2.03  -2.22  -1.82  -1.74  -1.14  -0.49  -0.27  -0.11   0.31   0.78
  -1.73  -1.80  -1.76  -1.14  -0.59   0.18   0.64   1.10   0.82   0.11  -0.71  -0.76  -0.54   0.04   1.00   1.78   1.67   1.21   0.70   0.24  -0.05  -0.20  -0.45  -0.71  -1.14  -1.35  -1.37  -1.41  -1.49  -0.69  -0.29  -0.36  -0.16   0.36   0.40   0.10   0.44   0.75   0.99   0.85   1.28   1.71   1.89   2.00   2.05   1.52   0.77   0.26  -0.48  -0.97  -0.58  -0.64  -0.62  -0.24   0.05  -0.12   0.32   0.29  -0.33  -0.73  -0.96  -1.18
   0.05  -0.14  -0.24   0.01  -0.07   0.11   0.60   0.76   0.43  -0.40  -0.76  -1.39  -2.06  -2.12  -1.80  -1.74  -1.59  -1.16  -1.20  -1.17  -1.20  -1.02  -1.03  -0.91  -0.56  -0.52  -0.33   0.08   0.42   1.02   1.94   2.18   2.13   2.10   1.85   1.34   1.10   0.98   0.70   0.31   0.17   0.08  -0.15  -0.08   0.39   0.51   0.63   0.73   0.87   0.73   0.46   0.22  -0.04  -0.40  -0.69  -0.72  -0.37  -0.18   0.06   0.23   0.46   0.40
  -0.04  -0.45  -0.63  -0.96  -0.97  -0.67  -0.21   0.09   0.22   0.65   0.93   1.15   1.22   1.71   1.78   1.47   1.65   2.40   2.36   1.81   1.68   1.04   0.13   0.21   0.74   0.49  -0.01  -0.62  -1.33  -1.95  -1.90  -1.35  -0.60   0.08   0.38   0.52   0.30  -0.19  -0.45  -0.85  -1.38  -1.43  -0.86  -0.57  -0.34   0.24   0.50   0.22  -0.16  -0.07   0.26   0.23  -0.07  -0.45  -0.65  -1.07  -1.19  -1.13  -0.87  -0.56  -0.28  -0.20
   0.55   0.25   0.04  -0.07   0.33   0.92   1.19   1.28   1.20   0.72   0.11   0.06  -0.09  -0.34  -0.44  -0.34  -0.41  -0.48  -0.45  -0.46  -0.63  -0.60  -0.67  -0.84  -1.25  -1.95  -2.48  -2.32  -1.74  -1.06   0.09   0.87   1.33   1.42   1.51   1.46   1.55   1.36   1.43   1.20   0.94   0.68   0.62   0.54   0.76   0.94   0.91   0.59   0.23  -0.18  -0.70  -1.11  -1.35  -1.56  -1.41  -1.12  -0.82  -0.35   0.04   0.03   0.12  -0.05
   1.53   1.60   1.16   0.66   0.31  -0.18  -0.60  -0.57  -0.59  -0.66  -0.41   0.17   0.36   0.37   0.22   0.04  -0.18  -0.35  -0.31   0.03   0.48   0.72   1.01   1.20   1.30   1.24   1.12   0.86   0.70   0.64   0.43   0.08  -0.68  -1.34  -1.89  -2.29  -2.55  -2.35  -2.21  -2.13  -1.89  -1.48  -0.92  -0.32   0.15   0.42   0.63   0.68   0.66   0.77   0.88   0.73   0.45   0.41   0.22   0.13   0.23   0.34   0.28   0.31   0.25   0.10
  -0.23  -0.28  -0.12   0.15  -0.03  -0.37  -0.68  -1.08  -1.35  -1.77  -1.68  -1.35  -1.24  -1.29  -1.03  -1.07  -1.60  -1.88  -2.04  -1.92  -1.70  -1.19  -0.25   0.67   1.16   1.42   1.56   1.26   0.86   0.64   0.56   0.79   0.89   1.33   1.61   1.82   1.55   1.22   0.46   0.03  -0.22  -0.28  -0.28  -0.31  -0.15  -0.06   0.29   0.32   0.69   0.84   0.76   0.49   0.59   0.61   0.33   0.36   0.33   0.49   0.36   0.34   0.32   0.34
   1.11   1.15   1.11   0.98   0.46   0.22   0.19   0.10   0.02  -0.15  -0.21  -0.22  -0.25  -0.20   0.12   0.09  -0.20  -0.65  -1.11  -1.37  -1.17  -0.82  -0.43  -0.00   0.19  -0.10  -0.46  -0.78  -1.23  -1.78  -2.46  -2.74  -2.48  -2.03  -1.36  -0.69  -0.30  -0.29  -0.27  -0.26   0.30   0.41   0.69   1.03   1.33   1.36   1.50   1.32   1.12   1.14   0.89   1.05   1.22   1.22   0.82   0.64   0.40   0.22   0.16   0.34   0.57   0.58
   1.98   2.42   2.46   1.69   0.90   0.14  -0.86  -1.42  -1.73  -1.25  -0.68  -0.16  -0.04   0.28  -0.15  -0.40  -0.06   0.49   0.96   1.21   0.74  -0.43  -1.47  -1.98  -2.09  -1.70  -0.75   0.02   0.36   0.33   0.14   0.10   0.14  -0.08  -0.06  -0.09  -0.23  -0.71  -1.20  -1.56  -1.54  -1.42  -0.75  -0.32  -0.10  -0.12  -0.09  -0.10   0.21   0.53   0.65   0.90   0.92   1.02   1.12   1.07   0.84   0.52   0.29   0.22   0.43   0.47
   0.61   0.76   1.05   1.14   0.99   0.91   0.74   0.41   0.28   0.08  -0.17  -0.70  -0.87  -1.08  -1.07  -0.90  -0.48  -0.39  -0.29  -0.44  -0.57  -0.81  -1.14  -1.35  -1.30  -1.28  -1.02  -0.71  -0.54  -0.22   0.25   1.01   1.53   1.93   2.09   2.18   1.81   1.62   1.35   1.19   0.93   0.79   0.66   0.70   0.49   0.36   0.04  -0.33  -0.68  -1.01  -1.44  -1.77  -1.75  -1.54  -0.89  -0.28   0.09   0.06  -0.15  -0.35  -0.40  -0.11
   1.10   1.05   0.78   0.01  -0.37  -0.38  -0.26   0.10   0.35   0.66   0.66   0.36  -0.05  -0.52  -1.14  -1.50  -1.53  -1.52  -1.61  -1.64  -1.67  -1.60  -1.63  -1.12  -0.68  -0.32  -0.13  -0.11  -0.17  -0.20  -0.14  -0.13  -0.05   0.06  -0.04  -0.30  -0.39  -0.35  -0.55  -0.54  -0.37  -0.21   0.04   0.20   0.25   0.11  -0.11  -0.60  -0.91  -0.64  -0.03   0.52   1.34   2.08   2.20   1.91   1.82   1.65   1.53   1.46   1.62   1.71
   0.37  -0.11  -0.71  -1.17  -1.24  -1.25  -1.25  -1.69  -1.87  -1.52  -1.44  -1.33  -0.68  -0.36  -0.59  -0.30  -0.08   0.10   0.28   0.27   0.22   0.87   1.31   1.61   1.93   2.05   1.58   1.15   1.08   1.09   1.02   0.51   0.23  -0.02  -0.56  -0.74  -0.75  -0.87  -1.13  -0.84  -0.77  -0.27   0.04   0.19   0.50   0.39   0.21   0.02   0.07   0.20   0.59   1.37   1.83   2.03   1.51   0.87  -0.09  -0.62  -0.71  -0.81  -0.87  -0.84
  -2.87  -1.67  -1.12  -0.72  -0.78  -0.88  -1.11  -0.80  -0.49  -0.35  -0.02   0.12  -0.35  -0.34   0.03   0.64   1.27   1.65   1.54   1.36   0.75   0.31   0.34   0.46   0.77   1.22   1.42   1.47   1.44   0.93   0.42  -0.08  -0.53  -0.87  -0.94  -1.23  -1.36  -1.61  -1.81  -1.54  -0.94  -0.58   0.08   0.66   0.84   1.19   1.23   1.28   0.89   0.37  -0.22  -0.53  -1.11  -0.89  -0.38  -0.05   0.18   0.62   0.76   0.59   0.56   0.76
   0.70   0.64   0.67   0.29  -0.18  -1.02  -1.72  -2.38  -2.83  -2.84  -2.22  -1.46  -1.08  -0.94  -1.03  -1.21  -1.42  -0.79  -0.08   0.20   0.17  -0.07  -0.74  -1.05  -0.87  -0.44  -0.05   0.30   0.53   0.59   0.48   0.54   0.44   0.26   0.31   0.41   0.63   1.09   1.18   1.15   1.06   0.92   0.54   0.46   0.37   0.33   0.26   0.20   0.22   0.56   0.91   1.01   1.18   1.25   0.88   0.82   0.89   0.86   0.69   0.45   0.15  -0.13
   0.09   0.24  -0.14   0.06   0.75   1.69   1.85   2.35   2.31   1.73   1.06   0.80   0.87   0.84   0.82   0.81   1.02   1.01   0.95   0.93   0.67   0.48   0.45   0.44   0.44   0.58   0.60  -0.08  -0.70  -1.20  -1.67  -2.19  -1.96  -1.57  -1.35  -1.32  -1.24  -1.11  -1.11  -1.15  -1.08  -0.94  -0.75  -0.46  -0.12  -0.06  -0.34  -0.19  -0.25  -0.58  -0.54  -0.23  -0.67  -0.99  -0.60  -0.34  -0.21  -0.00   0.23   0.36   0.39   0.32
  -1.08  -0.98  -1.09  -1.44  -1.53  -1.48  -0.99  -0.46   0.21  -0.07  -0.17  -0.52  -0.81  -0.69   0.25   0.94   1.51   1.76   1.59   1.20   0.70   0.07  -0.42  -0.74  -1.13  -1.57  -1.39  -1.39  -1.37  -1.59  -1.43  -1.55  -0.99  -0.41   0.47   1.37   1.79   1.57   1.43   1.15   0.55   0.11   0.17   0.16   0.09  -0.00   0.62   0.82   0.87   0.99   1.21   0.96   0.88   0.74   0.81   0.85   0.51   0.18   0.04  -0.35  -0.56  -0.38
   0.17   0.63   0.88   0.92   0.88   0.81   0.52   0.47   0.34   0.26   0.20   0.08  -0.02  -0.18  -0.20  -0.05   0.37   0.67   1.38   1.85   2.02   2.14   2.08   1.72   1.38   1.17   0.72   0.45   0.17  -0.00  -0.16  -0.21  -0.23  -0.40  -0.63  -0.81  -0.86  -0.72  -0.28   0.28   0.57   0.44  -0.01  -0.45  -0.93  -0.99  -0.84  -0.39  -0.06   0.23   0.20  -0.09  -0.61  -1.21  -1.73  -2.10  -2.09  -1.78  -1.50  -1.46  -1.47  -1.53
   0.78   0.45   0.12  -0.12  -0.17  -0.61  -0.65  -0.51  -0.66  -0.91  -0.91  -0.60  -0.39  -0.24  -0.06  -0.02  -0.48  -0.69  -0.51  -0.53  -0.62  -0.51  -0.19   0.18   0.69   1.26   1.83   1.92   1.44   1.33   1.27   1.17   0.69   0.96   1.00   0.72   0.32   0.29  -0.43  -1.37  -1.69  -1.62  -1.91  -1.87  -1.56  -1.62  -1.42  -0.90  -0.65  -0.37  -0.07  -0.29  -0.21  -0.03   0.03   0.28   1.03   1.34   1.60   1.78   1.73   1.23
  -0.43  -0.23  -0.27  -0.17  -0.07  -0.10   0.10   0.25   0.44   0.46   0.27   0.03  -0.14  -0.10  -0.05   0.11   0.11   0.21   0.26   0.36   0.61   0.94   1.13   0.92   0.63   0.48   0.33   0.16   0.45   1.02   1.33   1.33   1.29   0.96   0.66   0.21   0.14   0.39   0.97   1.40   1.96   2.12   1.40   0.42  -0.41  -1.11  -1.53  -1.39  -1.29  -1.30  -1.28  -1.54  -1.83  -1.87  -1.89  -1.99  -1.91  -1.56  -1.03  -0.67  -0.16   0.48
  -2.41  -2.23  -2.21  -1.50  -0.57   0.38   1.10   1.11   0.57  -0.10  -1.12  -1.52  -1.04  -0.78  -0.37   0.18   0.35   0.33   0.55   0.77   1.04   1.10   0.96   0.79   0.25  -0.45  -1.09  -1.82  -1.84  -1.48  -0.74  -0.14   0.84   1.07   1.09   1.12   0.68   0.05  -0.23   0.05  -0.14   0.44   0.83   1.02   0.64   0.56   0.73   1.14   0.98   1.06   0.88   0.17  -0.60  -0.82  -1.09  -0.90  -0.76  -0.31   0.27   0.84   0.88   1.43
