 Copyright (C) 1995-2015 - All Rights Reserved
 University Corporation for Atmospheric Research
 NCAR Command Language Version 6.3.0
 The use of this software is governed by a License Agreement.
 See http://www.ncl.ucar.edu/ for more details.


Variable: data
Type: float
Total Size: 9600 bytes
            2400 values
Number of Dimensions: 2
Dimensions and sizes:	[2] x [1200]
Coordinates: 
Number Of Attributes: 3
  anomaly_op_ncl :	Annual Cycle Removed: rmAnnCycle1D: contributed.ncl
  runave_op_ncl :	runave: nave=3
  _FillValue :	9.96921e+36
(0,0)	9.96921e+36
(0,1)	0.4312134
(0,2)	0.3866272
(0,3)	0.3139038
(0,4)	0.2599182
(0,5)	0.2440186
(0,6)	0.2799988
(0,7)	0.3179321
(0,8)	0.3016052
(0,9)	0.2614441
(0,10)	0.2166138
(0,11)	0.1961975
(0,12)	-0.001159668
(0,13)	-0.2313538
(0,14)	-0.4387207
(0,15)	-0.4963379
(0,16)	-0.5490112
(0,17)	-0.5513611
(0,18)	-0.6253662
(0,19)	-0.6922607
(0,20)	-0.6778259
(0,21)	-0.5190125
(0,22)	-0.3374634
(0,23)	-0.2250366
(0,24)	-0.1431885
(0,25)	-0.1070862
(0,26)	-0.0541687
(0,27)	-0.02545166
(0,28)	0.03921509
(0,29)	0.06323242
(0,30)	0.01486206
(0,31)	-0.04162598
(0,32)	-0.09197998
(0,33)	-0.1344299
(0,34)	-0.2039795
(0,35)	-0.2458191
(0,36)	-0.2190552
(0,37)	-0.1163635
(0,38)	0.01351929
(0,39)	0.1085205
(0,40)	0.1178894
(0,41)	0.1007385
(0,42)	-0.005615234
(0,43)	-0.1651611
(0,44)	-0.2773438
(0,45)	-0.2658691
(0,46)	-0.1608276
(0,47)	-0.08532715
(0,48)	-0.05764771
(0,49)	-0.1078491
(0,50)	-0.1416931
(0,51)	-0.2590942
(0,52)	-0.2999878
(0,53)	-0.3775635
(0,54)	-0.4633179
(0,55)	-0.5760498
(0,56)	-0.6132202
(0,57)	-0.5754089
(0,58)	-0.511261
(0,59)	-0.5105286
(0,60)	-0.5829773
(0,61)	-0.6080322
(0,62)	-0.5292664
(0,63)	-0.4069214
(0,64)	-0.4819641
(0,65)	-0.6982117
(0,66)	-0.9683533
(0,67)	-1.111816
(0,68)	-1.260834
(0,69)	-1.41748
(0,70)	-1.615295
(0,71)	-1.650452
(0,72)	-1.425415
(0,73)	-1.083832
(0,74)	-0.7929382
(0,75)	-0.7296143
(0,76)	-0.7260742
(0,77)	-0.7564087
(0,78)	-0.8281555
(0,79)	-0.9547119
(0,80)	-1.084686
(0,81)	-1.245514
(0,82)	-1.386108
(0,83)	-1.403961
(0,84)	-1.31189
(0,85)	-1.157349
(0,86)	-1.015167
(0,87)	-0.8997498
(0,88)	-0.7231445
(0,89)	-0.4805603
(0,90)	-0.233429
(0,91)	-0.07473755
(0,92)	0.03231812
(0,93)	0.1867676
(0,94)	0.3626709
(0,95)	0.5845947
(0,96)	0.7749634
(0,97)	0.9064941
(0,98)	0.9230347
(0,99)	0.9179382
(0,100)	0.9884949
(0,101)	1.171509
(0,102)	1.406494
(0,103)	1.551727
(0,104)	1.557861
(0,105)	1.500458
(0,106)	1.674896
(0,107)	1.978851
(0,108)	2.141083
(0,109)	1.947937
(0,110)	1.638916
(0,111)	1.457214
(0,112)	1.423004
(0,113)	1.421204
(0,114)	1.427368
(0,115)	1.40271
(0,116)	1.462067
(0,117)	1.481934
(0,118)	1.494904
(0,119)	1.363129
(0,120)	1.049042
(0,121)	0.6253662
(0,122)	0.3035889
(0,123)	0.1239624
(0,124)	-0.04641724
(0,125)	-0.2623291
(0,126)	-0.4822693
(0,127)	-0.5438232
(0,128)	-0.424469
(0,129)	-0.2354126
(0,130)	-0.06436157
(0,131)	0.02151489
(0,132)	0.04434204
(0,133)	0.004730225
(0,134)	-0.1211243
(0,135)	-0.2834167
(0,136)	-0.3915405
(0,137)	-0.4633789
(0,138)	-0.5132446
(0,139)	-0.5662842
(0,140)	-0.6816101
(0,141)	-0.9023132
(0,142)	-1.208588
(0,143)	-1.508881
(0,144)	-1.630737
(0,145)	-1.67572
(0,146)	-1.515747
(0,147)	-1.358124
(0,148)	-1.25116
(0,149)	-1.177948
(0,150)	-1.114349
(0,151)	-1.021973
(0,152)	-1.070068
(0,153)	-1.259247
(0,154)	-1.442688
(0,155)	-1.494232
(0,156)	-1.344727
(0,157)	-1.004028
(0,158)	-0.6561584
(0,159)	-0.4410706
(0,160)	-0.323822
(0,161)	-0.1921997
(0,162)	-0.1074219
(0,163)	-0.1955566
(0,164)	-0.4130249
(0,165)	-0.5964661
(0,166)	-0.6690369
(0,167)	-0.6218872
(0,168)	-0.6130066
(0,169)	-0.6934509
(0,170)	-0.7690125
(0,171)	-0.7557373
(0,172)	-0.5637512
(0,173)	-0.359314
(0,174)	-0.1922607
(0,175)	-0.1013489
(0,176)	-0.04772949
(0,177)	0.04412842
(0,178)	0.1358337
(0,179)	0.3143311
(0,180)	0.5106201
(0,181)	0.6392822
(0,182)	0.7893066
(0,183)	0.8687439
(0,184)	0.9803772
(0,185)	1.122009
(0,186)	1.409607
(0,187)	1.779999
(0,188)	2.11908
(0,189)	2.405548
(0,190)	2.599854
(0,191)	2.757629
(0,192)	2.741943
(0,193)	2.711639
(0,194)	2.474823
(0,195)	2.246735
(0,196)	1.93573
(0,197)	1.810516
(0,198)	1.661621
(0,199)	1.534119
(0,200)	1.490692
(0,201)	1.543427
(0,202)	1.596527
(0,203)	1.527557
(0,204)	1.294342
(0,205)	0.9736633
(0,206)	0.5681152
(0,207)	0.1954956
(0,208)	-0.227356
(0,209)	-0.6069946
(0,210)	-0.9425659
(0,211)	-1.074219
(0,212)	-1.02301
(0,213)	-1.002594
(0,214)	-1.076508
(0,215)	-1.182892
(0,216)	-1.132874
(0,217)	-0.9393005
(0,218)	-0.7436829
(0,219)	-0.5942688
(0,220)	-0.3965149
(0,221)	-0.2242432
(0,222)	-0.1465454
(0,223)	-0.1982727
(0,224)	-0.2797852
(0,225)	-0.391449
(0,226)	-0.5879822
(0,227)	-0.6869812
(0,228)	-0.6369934
(0,229)	-0.3556519
(0,230)	-0.09109497
(0,231)	0.1207275
(0,232)	0.2679443
(0,233)	0.4064636
(0,234)	0.5075989
(0,235)	0.5556335
(0,236)	0.5842285
(0,237)	0.5669556
(0,238)	0.4861755
(0,239)	0.3677063
(0,240)	0.2677612
(0,241)	0.2408447
(0,242)	0.1985474
(0,243)	0.1514893
(0,244)	0.09512329
(0,245)	0.09017944
(0,246)	-0.01861572
(0,247)	-0.1427612
(0,248)	-0.2227478
(0,249)	-0.2342529
(0,250)	-0.2973633
(0,251)	-0.4590454
(0,252)	-0.6940918
(0,253)	-0.7917175
(0,254)	-0.6975708
(0,255)	-0.467865
(0,256)	-0.3669739
(0,257)	-0.4877319
(0,258)	-0.6912231
(0,259)	-0.8780823
(0,260)	-1.083221
(0,261)	-1.327484
(0,262)	-1.490997
(0,263)	-1.431091
(0,264)	-1.114136
(0,265)	-0.6434326
(0,266)	-0.1568604
(0,267)	0.1672363
(0,268)	0.3551025
(0,269)	0.5500488
(0,270)	0.7464294
(0,271)	0.8457336
(0,272)	0.8463135
(0,273)	0.7929993
(0,274)	0.747467
(0,275)	0.8018799
(0,276)	0.9299011
(0,277)	1.009796
(0,278)	0.9850159
(0,279)	0.9157715
(0,280)	0.9874573
(0,281)	1.086121
(0,282)	1.255981
(0,283)	1.390045
(0,284)	1.556702
(0,285)	1.697205
(0,286)	1.881042
(0,287)	1.983307
(0,288)	1.710449
(0,289)	1.244507
(0,290)	0.8682251
(0,291)	0.7320251
(0,292)	0.617157
(0,293)	0.2570496
(0,294)	-0.2098694
(0,295)	-0.5713501
(0,296)	-0.6318665
(0,297)	-0.5022278
(0,298)	-0.4338074
(0,299)	-0.4809875
(0,300)	-0.6451416
(0,301)	-0.7025146
(0,302)	-0.6160278
(0,303)	-0.4807129
(0,304)	-0.4384155
(0,305)	-0.5025024
(0,306)	-0.5648804
(0,307)	-0.6161499
(0,308)	-0.5295105
(0,309)	-0.4271545
(0,310)	-0.3796387
(0,311)	-0.427948
(0,312)	-0.4720154
(0,313)	-0.4614563
(0,314)	-0.4907837
(0,315)	-0.5282288
(0,316)	-0.5648499
(0,317)	-0.4649048
(0,318)	-0.4033508
(0,319)	-0.3015442
(0,320)	-0.2190247
(0,321)	-0.01330566
(0,322)	0.1867981
(0,323)	0.4193726
(0,324)	0.5932922
(0,325)	0.6701965
(0,326)	0.6898804
(0,327)	0.6333923
(0,328)	0.6678162
(0,329)	0.7713623
(0,330)	0.8647766
(0,331)	0.8142395
(0,332)	0.6541748
(0,333)	0.5083618
(0,334)	0.4977722
(0,335)	0.4728394
(0,336)	0.3033752
(0,337)	0.01080322
(0,338)	-0.282196
(0,339)	-0.4046936
(0,340)	-0.4715881
(0,341)	-0.5741577
(0,342)	-0.7655945
(0,343)	-0.9007568
(0,344)	-0.842041
(0,345)	-0.7413025
(0,346)	-0.7366943
(0,347)	-0.841156
(0,348)	-0.9090576
(0,349)	-0.960083
(0,350)	-0.918396
(0,351)	-0.8902283
(0,352)	-0.7529907
(0,353)	-0.6440125
(0,354)	-0.5525818
(0,355)	-0.5272522
(0,356)	-0.4314575
(0,357)	-0.3462219
(0,358)	-0.2819824
(0,359)	-0.2723694
(0,360)	-0.348114
(0,361)	-0.4233704
(0,362)	-0.5279236
(0,363)	-0.5328369
(0,364)	-0.4372559
(0,365)	-0.3015442
(0,366)	-0.1944885
(0,367)	-0.1467896
(0,368)	-0.1631775
(0,369)	-0.1659851
(0,370)	-0.1894531
(0,371)	-0.1821594
(0,372)	-0.2169189
(0,373)	-0.2080994
(0,374)	-0.1112976
(0,375)	0.05804443
(0,376)	0.1978455
(0,377)	0.1954956
(0,378)	0.2154846
(0,379)	0.3154907
(0,380)	0.4803772
(0,381)	0.5563049
(0,382)	0.5814819
(0,383)	0.6844177
(0,384)	0.8187256
(0,385)	0.8164062
(0,386)	0.7138672
(0,387)	0.6094055
(0,388)	0.5985413
(0,389)	0.6327209
(0,390)	0.7069092
(0,391)	0.8110352
(0,392)	0.88797
(0,393)	0.9364014
(0,394)	0.9549255
(0,395)	1.077209
(0,396)	1.189453
(0,397)	1.223541
(0,398)	1.197815
(0,399)	1.088654
(0,400)	1.027496
(0,401)	0.9532776
(0,402)	0.7828369
(0,403)	0.5948792
(0,404)	0.4647522
(0,405)	0.4014587
(0,406)	0.3023987
(0,407)	-0.009735107
(0,408)	-0.3499451
(0,409)	-0.5939026
(0,410)	-0.5627441
(0,411)	-0.4089966
(0,412)	-0.358551
(0,413)	-0.4811707
(0,414)	-0.6768188
(0,415)	-0.7726746
(0,416)	-0.8005981
(0,417)	-0.8844299
(0,418)	-1.009766
(0,419)	-1.052277
(0,420)	-0.9204407
(0,421)	-0.7121887
(0,422)	-0.5691833
(0,423)	-0.5359497
(0,424)	-0.4602356
(0,425)	-0.2966003
(0,426)	-0.228302
(0,427)	-0.325592
(0,428)	-0.457428
(0,429)	-0.5055237
(0,430)	-0.502655
(0,431)	-0.4444885
(0,432)	-0.3176575
(0,433)	-0.2113953
(0,434)	-0.1799927
(0,435)	-0.2366028
(0,436)	-0.2036133
(0,437)	-0.04421997
(0,438)	0.1988525
(0,439)	0.4037476
(0,440)	0.5601501
(0,441)	0.6903992
(0,442)	0.8664551
(0,443)	1.076385
(0,444)	1.092743
(0,445)	1.049774
(0,446)	0.9954529
(0,447)	1.104706
(0,448)	1.170776
(0,449)	1.224487
(0,450)	1.331879
(0,451)	1.509491
(0,452)	1.632874
(0,453)	1.716034
(0,454)	1.704224
(0,455)	1.545624
(0,456)	0.9403381
(0,457)	0.1498718
(0,458)	-0.5315552
(0,459)	-0.9055481
(0,460)	-1.10437
(0,461)	-1.245056
(0,462)	-1.308105
(0,463)	-1.350311
(0,464)	-1.376373
(0,465)	-1.404541
(0,466)	-1.396118
(0,467)	-1.352692
(0,468)	-1.280548
(0,469)	-1.038116
(0,470)	-0.7081299
(0,471)	-0.4086609
(0,472)	-0.2600403
(0,473)	-0.0675354
(0,474)	0.1808777
(0,475)	0.407959
(0,476)	0.5169678
(0,477)	0.61203
(0,478)	0.6709595
(0,479)	0.7261047
(0,480)	0.6160889
(0,481)	0.5166626
(0,482)	0.4313049
(0,483)	0.3852234
(0,484)	0.3959961
(0,485)	0.4237366
(0,486)	0.5090637
(0,487)	0.5382385
(0,488)	0.5440369
(0,489)	0.4841919
(0,490)	0.4070129
(0,491)	0.3714294
(0,492)	0.4029541
(0,493)	0.4155884
(0,494)	0.3345642
(0,495)	0.221283
(0,496)	0.0736084
(0,497)	-0.157959
(0,498)	-0.4924622
(0,499)	-0.7953491
(0,500)	-1.047852
(0,501)	-1.212097
(0,502)	-1.375336
(0,503)	-1.453186
(0,504)	-1.435883
(0,505)	-1.324219
(0,506)	-1.035736
(0,507)	-0.8131104
(0,508)	-0.5982361
(0,509)	-0.5778809
(0,510)	-0.6621094
(0,511)	-0.7392578
(0,512)	-0.7533875
(0,513)	-0.7576294
(0,514)	-0.7895813
(0,515)	-0.8092957
(0,516)	-0.6941528
(0,517)	-0.5125427
(0,518)	-0.3180847
(0,519)	-0.2158813
(0,520)	-0.06359863
(0,521)	0.18573
(0,522)	0.474884
(0,523)	0.6861572
(0,524)	0.9040527
(0,525)	1.153351
(0,526)	1.4375
(0,527)	1.612396
(0,528)	1.54306
(0,529)	1.267609
(0,530)	1.022125
(0,531)	0.8793945
(0,532)	0.8785095
(0,533)	0.8933105
(0,534)	0.91745
(0,535)	0.8902893
(0,536)	0.882843
(0,537)	0.9016724
(0,538)	0.8923645
(0,539)	0.8477783
(0,540)	0.6994324
(0,541)	0.4932861
(0,542)	0.231842
(0,543)	-0.002502441
(0,544)	-0.3175354
(0,545)	-0.7758179
(0,546)	-1.251648
(0,547)	-1.513245
(0,548)	-1.597839
(0,549)	-1.662231
(0,550)	-1.79184
(0,551)	-1.847015
(0,552)	-1.71344
(0,553)	-1.429443
(0,554)	-1.033905
(0,555)	-0.7278137
(0,556)	-0.4696655
(0,557)	-0.2878723
(0,558)	-0.09454346
(0,559)	0.05953979
(0,560)	0.2134094
(0,561)	0.31073
(0,562)	0.3574524
(0,563)	0.4341736
(0,564)	0.5294495
(0,565)	0.7859497
(0,566)	1.130188
(0,567)	1.374298
(0,568)	1.450958
(0,569)	1.531372
(0,570)	1.8591
(0,571)	2.3573
(0,572)	2.80957
(0,573)	3.132202
(0,574)	3.084137
(0,575)	2.916473
(0,576)	2.650818
(0,577)	2.364227
(0,578)	2.056183
(0,579)	1.642242
(0,580)	1.245941
(0,581)	0.7134094
(0,582)	0.01599121
(0,583)	-0.6390686
(0,584)	-1.203888
(0,585)	-1.615814
(0,586)	-1.991913
(0,587)	-2.344391
(0,588)	-2.534515
(0,589)	-2.496979
(0,590)	-2.231232
(0,591)	-1.970398
(0,592)	-2.025421
(0,593)	-2.219421
(0,594)	-2.381256
(0,595)	-2.239197
(0,596)	-2.024506
(0,597)	-1.925415
(0,598)	-1.959869
(0,599)	-1.991943
(0,600)	-1.809662
(0,601)	-1.440063
(0,602)	-1.040619
(0,603)	-0.790863
(0,604)	-0.6233826
(0,605)	-0.4658203
(0,606)	-0.3728638
(0,607)	-0.3774109
(0,608)	-0.449707
(0,609)	-0.4223328
(0,610)	-0.3163452
(0,611)	-0.0484314
(0,612)	0.336731
(0,613)	0.7884216
(0,614)	1.049744
(0,615)	1.077454
(0,616)	1.058868
(0,617)	1.203369
(0,618)	1.504211
(0,619)	1.848785
(0,620)	2.103973
(0,621)	2.347992
(0,622)	2.529358
(0,623)	2.570282
(0,624)	2.410431
(0,625)	2.048676
(0,626)	1.625305
(0,627)	1.138519
(0,628)	0.5724792
(0,629)	0.0758667
(0,630)	-0.4316711
(0,631)	-0.6380005
(0,632)	-0.7989197
(0,633)	-0.8737183
(0,634)	-1.082062
(0,635)	-1.243317
(0,636)	-1.346497
(0,637)	-1.340057
(0,638)	-1.185669
(0,639)	-1.031067
(0,640)	-0.9473267
(0,641)	-0.9285583
(0,642)	-0.8814697
(0,643)	-0.842041
(0,644)	-0.8329163
(0,645)	-0.8155518
(0,646)	-0.7928772
(0,647)	-0.6651611
(0,648)	-0.6314392
(0,649)	-0.5657654
(0,650)	-0.4456482
(0,651)	-0.2410889
(0,652)	-0.007019043
(0,653)	0.0536499
(0,654)	0.03256226
(0,655)	-0.05130005
(0,656)	-0.06863403
(0,657)	-0.02053833
(0,658)	0.08459473
(0,659)	0.1754761
(0,660)	0.2428894
(0,661)	0.2745361
(0,662)	0.2518311
(0,663)	0.1090393
(0,664)	-0.05737305
(0,665)	-0.2415771
(0,666)	-0.3825684
(0,667)	-0.4659424
(0,668)	-0.3917542
(0,669)	-0.2286377
(0,670)	-0.1769714
(0,671)	-0.1705627
(0,672)	-0.2962341
(0,673)	-0.4247742
(0,674)	-0.589447
(0,675)	-0.6723022
(0,676)	-0.6684265
(0,677)	-0.6108093
(0,678)	-0.5581055
(0,679)	-0.546051
(0,680)	-0.6017761
(0,681)	-0.7155457
(0,682)	-0.8441162
(0,683)	-0.8391418
(0,684)	-0.6830444
(0,685)	-0.4771423
(0,686)	-0.2763672
(0,687)	-0.1422119
(0,688)	0.06304932
(0,689)	0.2863159
(0,690)	0.3959351
(0,691)	0.3600464
(0,692)	0.2127991
(0,693)	0.1073608
(0,694)	0.01281738
(0,695)	0.05392456
(0,696)	0.1200256
(0,697)	0.1259766
(0,698)	0.1425171
(0,699)	0.1829529
(0,700)	0.2837524
(0,701)	0.2374268
(0,702)	0.06152344
(0,703)	-0.1504211
(0,704)	-0.2776489
(0,705)	-0.3630981
(0,706)	-0.4188538
(0,707)	-0.4486084
(0,708)	-0.346344
(0,709)	-0.01431274
(0,710)	0.3705139
(0,711)	0.7493286
(0,712)	0.8805542
(0,713)	0.9054871
(0,714)	0.8130188
(0,715)	0.6395874
(0,716)	0.5261841
(0,717)	0.4497375
(0,718)	0.5033264
(0,719)	0.5843811
(0,720)	0.6454468
(0,721)	0.7353821
(0,722)	0.7630615
(0,723)	0.849762
(0,724)	1.017609
(0,725)	1.342987
(0,726)	1.775818
(0,727)	2.156525
(0,728)	2.374603
(0,729)	2.50174
(0,730)	2.56366
(0,731)	2.510895
(0,732)	2.140015
(0,733)	1.47229
(0,734)	0.8456726
(0,735)	0.4019775
(0,736)	-0.06033325
(0,737)	-0.5715637
(0,738)	-1.107361
(0,739)	-1.282928
(0,740)	-1.321289
(0,741)	-1.336426
(0,742)	-1.397552
(0,743)	-1.547699
(0,744)	-1.680298
(0,745)	-1.615692
(0,746)	-1.293762
(0,747)	-0.9244385
(0,748)	-0.6585999
(0,749)	-0.3912659
(0,750)	-0.1985474
(0,751)	-0.1588745
(0,752)	-0.2835083
(0,753)	-0.4273682
(0,754)	-0.4804077
(0,755)	-0.4106445
(0,756)	-0.2385254
(0,757)	-0.03738403
(0,758)	0.1425476
(0,759)	0.2709961
(0,760)	0.3621521
(0,761)	0.4810181
(0,762)	0.6129761
(0,763)	0.7565613
(0,764)	0.7877197
(0,765)	0.6894531
(0,766)	0.5327759
(0,767)	0.4204407
(0,768)	0.2316589
(0,769)	-0.06347656
(0,770)	-0.3680725
(0,771)	-0.5954895
(0,772)	-0.7365112
(0,773)	-0.8242798
(0,774)	-0.8258362
(0,775)	-0.8780823
(0,776)	-1.063599
(0,777)	-1.321991
(0,778)	-1.507568
(0,779)	-1.480804
(0,780)	-1.263672
(0,781)	-0.9607239
(0,782)	-0.7455444
(0,783)	-0.6810303
(0,784)	-0.6740417
(0,785)	-0.5750732
(0,786)	-0.4632263
(0,787)	-0.5171204
(0,788)	-0.7472534
(0,789)	-1.023224
(0,790)	-1.195282
(0,791)	-1.163788
(0,792)	-1.094269
(0,793)	-1.025177
(0,794)	-0.9230652
(0,795)	-0.7121277
(0,796)	-0.4331665
(0,797)	-0.2477722
(0,798)	-0.2255554
(0,799)	-0.2860107
(0,800)	-0.4461365
(0,801)	-0.5359497
(0,802)	-0.5949097
(0,803)	-0.565033
(0,804)	-0.6555786
(0,805)	-0.7301331
(0,806)	-0.7434082
(0,807)	-0.6236572
(0,808)	-0.4044495
(0,809)	-0.1356506
(0,810)	0.15625
(0,811)	0.3182068
(0,812)	0.4233704
(0,813)	0.4115601
(0,814)	0.4377136
(0,815)	0.4479675
(0,816)	0.4125671
(0,817)	0.2281189
(0,818)	0.007629395
(0,819)	-0.1598511
(0,820)	-0.1152344
(0,821)	0.05062866
(0,822)	0.2365723
(0,823)	0.3633728
(0,824)	0.4824829
(0,825)	0.6471558
(0,826)	0.8371277
(0,827)	0.9631958
(0,828)	1.018982
(0,829)	0.9837646
(0,830)	0.9380493
(0,831)	0.869812
(0,832)	0.7243347
(0,833)	0.593689
(0,834)	0.5444336
(0,835)	0.5664368
(0,836)	0.638916
(0,837)	0.7129517
(0,838)	0.8781433
(0,839)	0.9967041
(0,840)	0.942688
(0,841)	0.6859741
(0,842)	0.3591919
(0,843)	0.04470825
(0,844)	-0.3161926
(0,845)	-0.616394
(0,846)	-0.822113
(0,847)	-0.9159546
(0,848)	-1.009277
(0,849)	-1.040405
(0,850)	-0.9777527
(0,851)	-0.8631592
(0,852)	-0.8361206
(0,853)	-0.73172
(0,854)	-0.5266113
(0,855)	-0.2828979
(0,856)	-0.06604004
(0,857)	0.1089172
(0,858)	0.2224731
(0,859)	0.2540588
(0,860)	0.2589722
(0,861)	0.3122864
(0,862)	0.4075317
(0,863)	0.493103
(0,864)	0.5448914
(0,865)	0.5910645
(0,866)	0.6743774
(0,867)	0.7514648
(0,868)	0.835083
(0,869)	0.9695435
(0,870)	1.082764
(0,871)	1.139099
(0,872)	1.039825
(0,873)	0.8980713
(0,874)	0.8184204
(0,875)	0.900116
(0,876)	0.9185181
(0,877)	0.7796936
(0,878)	0.4437866
(0,879)	0.06719971
(0,880)	-0.3103333
(0,881)	-0.6345215
(0,882)	-0.7483215
(0,883)	-0.7408447
(0,884)	-0.6048584
(0,885)	-0.4800415
(0,886)	-0.429657
(0,887)	-0.3821411
(0,888)	-0.3602905
(0,889)	-0.1824951
(0,890)	-0.02774048
(0,891)	0.1021118
(0,892)	0.1522522
(0,893)	0.1529846
(0,894)	0.1177673
(0,895)	0.009429932
(0,896)	-0.1045837
(0,897)	-0.1887207
(0,898)	-0.2297363
(0,899)	-0.2249756
(0,900)	-0.1805725
(0,901)	-0.05557251
(0,902)	0.1507874
(0,903)	0.3172913
(0,904)	0.3991699
(0,905)	0.4354553
(0,906)	0.4658813
(0,907)	0.5027466
(0,908)	0.5036621
(0,909)	0.4622803
(0,910)	0.4493713
(0,911)	0.5006104
(0,912)	0.5726929
(0,913)	0.5135803
(0,914)	0.4274292
(0,915)	0.3848572
(0,916)	0.4159851
(0,917)	0.4183655
(0,918)	0.4057617
(0,919)	0.4126282
(0,920)	0.4616394
(0,921)	0.383667
(0,922)	0.1679382
(0,923)	-0.07232666
(0,924)	-0.4021912
(0,925)	-0.7397156
(0,926)	-1.074707
(0,927)	-1.252441
(0,928)	-1.279724
(0,929)	-1.30481
(0,930)	-1.358246
(0,931)	-1.424103
(0,932)	-1.37439
(0,933)	-1.262787
(0,934)	-1.152679
(0,935)	-1.066833
(0,936)	-1.053497
(0,937)	-1.050415
(0,938)	-1.043121
(0,939)	-0.991333
(0,940)	-0.9907227
(0,941)	-1.076996
(0,942)	-1.150787
(0,943)	-1.142181
(0,944)	-1.154816
(0,945)	-1.226776
(0,946)	-1.334839
(0,947)	-1.304199
(0,948)	-1.187408
(0,949)	-0.9489441
(0,950)	-0.6643982
(0,951)	-0.4022522
(0,952)	-0.1722412
(0,953)	0.07208252
(0,954)	0.3627625
(0,955)	0.5666809
(0,956)	0.6506958
(0,957)	0.6667175
(0,958)	0.7124634
(0,959)	0.8128052
(0,960)	0.8651428
(0,961)	0.8521729
(0,962)	0.7546692
(0,963)	0.6042175
(0,964)	0.5979309
(0,965)	0.7440491
(0,966)	0.8800049
(0,967)	0.828949
(0,968)	0.7772827
(0,969)	0.8703918
(0,970)	1.083038
(0,971)	1.279602
(0,972)	1.402527
(0,973)	1.483734
(0,974)	1.465271
(0,975)	1.304565
(0,976)	1.200775
(0,977)	1.183136
(0,978)	1.164215
(0,979)	1.06543
(0,980)	0.9530945
(0,981)	0.8727417
(0,982)	0.7921753
(0,983)	0.7044678
(0,984)	0.5118103
(0,985)	0.07904053
(0,986)	-0.3904724
(0,987)	-0.6912842
(0,988)	-0.8779907
(0,989)	-1.140869
(0,990)	-1.41629
(0,991)	-1.464722
(0,992)	-1.344025
(0,993)	-1.218353
(0,994)	-1.185516
(0,995)	-1.159637
(0,996)	-1.044769
(0,997)	-0.8583679
(0,998)	-0.6016846
(0,999)	-0.3796082
(0,1000)	-0.1578369
(0,1001)	0.02636719
(0,1002)	0.1392517
(0,1003)	0.08862305
(0,1004)	-0.04354858
(0,1005)	-0.2451172
(0,1006)	-0.3919373
(0,1007)	-0.4840698
(0,1008)	-0.5053101
(0,1009)	-0.4494629
(0,1010)	-0.4356384
(0,1011)	-0.4129333
(0,1012)	-0.3369446
(0,1013)	-0.1788635
(0,1014)	0.03945923
(0,1015)	0.1139526
(0,1016)	0.2213745
(0,1017)	0.3535156
(0,1018)	0.6018066
(0,1019)	0.8170776
(0,1020)	0.9909668
(0,1021)	1.051117
(0,1022)	1.029846
(0,1023)	0.930603
(0,1024)	0.7465515
(0,1025)	0.5119629
(0,1026)	0.2251282
(0,1027)	0.06945801
(0,1028)	0.05355835
(0,1029)	0.1391296
(0,1030)	0.3244324
(0,1031)	0.5322266
(0,1032)	0.5302124
(0,1033)	0.486969
(0,1034)	0.4462891
(0,1035)	0.5663757
(0,1036)	0.6404419
(0,1037)	0.8230896
(0,1038)	1.096924
(0,1039)	1.318359
(0,1040)	1.448151
(0,1041)	1.542053
(0,1042)	1.745758
(0,1043)	1.900757
(0,1044)	1.874115
(0,1045)	1.658661
(0,1046)	1.361206
(0,1047)	1.119293
(0,1048)	0.7327271
(0,1049)	0.3390198
(0,1050)	-0.04644775
(0,1051)	-0.2468567
(0,1052)	-0.3540039
(0,1053)	-0.4091797
(0,1054)	-0.4480591
(0,1055)	-0.6228638
(0,1056)	-0.9611816
(0,1057)	-1.194458
(0,1058)	-1.163788
(0,1059)	-1.052643
(0,1060)	-1.098511
(0,1061)	-1.240234
(0,1062)	-1.286102
(0,1063)	-1.173798
(0,1064)	-1.046021
(0,1065)	-1.051514
(0,1066)	-1.143738
(0,1067)	-1.215302
(0,1068)	-1.141296
(0,1069)	-1.043915
(0,1070)	-0.971283
(0,1071)	-0.9921875
(0,1072)	-0.9772949
(0,1073)	-0.9645386
(0,1074)	-1.0802
(0,1075)	-1.211121
(0,1076)	-1.294189
(0,1077)	-1.22998
(0,1078)	-1.153992
(0,1079)	-1.059326
(0,1080)	-0.9106445
(0,1081)	-0.7059631
(0,1082)	-0.4851074
(0,1083)	-0.3777161
(0,1084)	-0.3216858
(0,1085)	-0.1996765
(0,1086)	0.007965088
(0,1087)	0.06329346
(0,1088)	-0.04666138
(0,1089)	-0.2302246
(0,1090)	-0.3226624
(0,1091)	-0.3184204
(0,1092)	-0.3099365
(0,1093)	-0.2852478
(0,1094)	-0.4054565
(0,1095)	-0.5383606
(0,1096)	-0.6162109
(0,1097)	-0.4873657
(0,1098)	-0.3808899
(0,1099)	-0.3178101
(0,1100)	-0.2707825
(0,1101)	-0.2009277
(0,1102)	-0.1405334
(0,1103)	-0.09243774
(0,1104)	-0.04742432
(0,1105)	-0.04168701
(0,1106)	-0.03216553
(0,1107)	-0.02938843
(0,1108)	0.05212402
(0,1109)	0.193573
(0,1110)	0.3702698
(0,1111)	0.4553833
(0,1112)	0.4361572
(0,1113)	0.3877258
(0,1114)	0.3577881
(0,1115)	0.3337097
(0,1116)	0.3745422
(0,1117)	0.4756165
(0,1118)	0.6918945
(0,1119)	0.8357544
(0,1120)	1.059265
(0,1121)	1.267578
(0,1122)	1.468994
(0,1123)	1.572937
(0,1124)	1.641937
(0,1125)	1.709534
(0,1126)	1.804169
(0,1127)	1.878754
(0,1128)	1.907623
(0,1129)	1.720306
(0,1130)	1.449951
(0,1131)	1.135223
(0,1132)	0.7038574
(0,1133)	0.1673584
(0,1134)	-0.1290588
(0,1135)	-0.0708313
(0,1136)	0.0163269
(0,1137)	-0.2163086
(0,1138)	-0.539093
(0,1139)	-0.6695862
(0,1140)	-0.6585083
(0,1141)	-0.5704346
(0,1142)	-0.453064
(0,1143)	-0.3778992
(0,1144)	-0.3578796
(0,1145)	-0.4609985
(0,1146)	-0.6288757
(0,1147)	-0.7842712
(0,1148)	-0.8504333
(0,1149)	-0.8171692
(0,1150)	-0.7948303
(0,1151)	-0.7510071
(0,1152)	-0.7818604
(0,1153)	-0.8491211
(0,1154)	-0.8877563
(0,1155)	-0.8552551
(0,1156)	-0.8043823
(0,1157)	-0.8091431
(0,1158)	-0.8199768
(0,1159)	-0.8504028
(0,1160)	-0.9086609
(0,1161)	-0.9891663
(0,1162)	-1.007599
(0,1163)	-0.8155212
(0,1164)	-0.5419922
(0,1165)	-0.3493347
(0,1166)	-0.3256226
(0,1167)	-0.423645
(0,1168)	-0.5002136
(0,1169)	-0.5101624
(0,1170)	-0.513916
(0,1171)	-0.4729919
(0,1172)	-0.4484863
(0,1173)	-0.4367371
(0,1174)	-0.4569702
(0,1175)	-0.4246521
(0,1176)	-0.2915344
(0,1177)	-0.1051331
(0,1178)	0.0291748
(0,1179)	0.04486084
(0,1180)	0.1268616
(0,1181)	0.3935547
(0,1182)	0.8024902
(0,1183)	1.176575
(0,1184)	1.459198
(0,1185)	1.700073
(0,1186)	1.966461
(0,1187)	2.166748
(0,1188)	2.166626
(0,1189)	1.912781
(0,1190)	1.566223
(0,1191)	1.239899
(0,1192)	1.043854
(0,1193)	1.009979
(0,1194)	1.195038
(0,1195)	1.373444
(0,1196)	1.49472
(0,1197)	1.549713
(0,1198)	1.656921
(0,1199)	9.96921e+36
(1,0)	9.96921e+36
(1,1)	0.5440979
(1,2)	0.6250305
(1,3)	0.6037292
(1,4)	0.5210571
(1,5)	0.3784485
(1,6)	0.1573486
(1,7)	-0.08215332
(1,8)	-0.2381287
(1,9)	-0.3067627
(1,10)	-0.3083496
(1,11)	-0.2935791
(1,12)	-0.308075
(1,13)	-0.3310852
(1,14)	-0.3381348
(1,15)	-0.3266907
(1,16)	-0.2912903
(1,17)	-0.2103577
(1,18)	-0.09622192
(1,19)	0.01290894
(1,20)	0.1041565
(1,21)	0.1958008
(1,22)	0.3158875
(1,23)	0.3482056
(1,24)	0.3955994
(1,25)	0.4665833
(1,26)	0.5819397
(1,27)	0.7055359
(1,28)	0.7689514
(1,29)	0.8262024
(1,30)	0.8617859
(1,31)	0.9322205
(1,32)	1.048859
(1,33)	1.19281
(1,34)	1.343414
(1,35)	1.345825
(1,36)	1.132843
(1,37)	0.7658081
(1,38)	0.4091492
(1,39)	0.1879272
(1,40)	-0.1268616
(1,41)	-0.5338745
(1,42)	-0.8965454
(1,43)	-1.126312
(1,44)	-1.219025
(1,45)	-1.272064
(1,46)	-1.326996
(1,47)	-1.335114
(1,48)	-1.221954
(1,49)	-0.9325256
(1,50)	-0.5524902
(1,51)	-0.2405701
(1,52)	-0.0625
(1,53)	-0.002075195
(1,54)	-0.01589966
(1,55)	-0.0362854
(1,56)	-0.04208374
(1,57)	-0.07046509
(1,58)	-0.1273193
(1,59)	-0.1559753
(1,60)	-0.1389465
(1,61)	-0.1400146
(1,62)	-0.2493286
(1,63)	-0.3436279
(1,64)	-0.3809509
(1,65)	-0.387207
(1,66)	-0.5613098
(1,67)	-0.8851318
(1,68)	-1.235199
(1,69)	-1.442963
(1,70)	-1.50705
(1,71)	-1.516663
(1,72)	-1.445496
(1,73)	-1.292145
(1,74)	-1.130493
(1,75)	-1.035583
(1,76)	-1.005371
(1,77)	-0.9836731
(1,78)	-1.003448
(1,79)	-1.059235
(1,80)	-1.146088
(1,81)	-1.276581
(1,82)	-1.407959
(1,83)	-1.470581
(1,84)	-1.283142
(1,85)	-0.953064
(1,86)	-0.5818787
(1,87)	-0.3911133
(1,88)	-0.240509
(1,89)	-0.09588623
(1,90)	0.1117554
(1,91)	0.2813721
(1,92)	0.3170471
(1,93)	0.2213135
(1,94)	0.06124878
(1,95)	-0.05041504
(1,96)	-0.07064819
(1,97)	-0.03851318
(1,98)	0.002075195
(1,99)	0.127655
(1,100)	0.2493286
(1,101)	0.4167786
(1,102)	0.6462402
(1,103)	0.8424988
(1,104)	1.012848
(1,105)	1.103882
(1,106)	1.283264
(1,107)	1.457153
(1,108)	1.699066
(1,109)	1.842957
(1,110)	1.782715
(1,111)	1.496307
(1,112)	0.9959106
(1,113)	0.5518188
(1,114)	0.1864014
(1,115)	-0.06286621
(1,116)	-0.190979
(1,117)	-0.1420898
(1,118)	0.05923462
(1,119)	0.1905212
(1,120)	0.01602173
(1,121)	-0.2767639
(1,122)	-0.5215149
(1,123)	-0.6300964
(1,124)	-0.6953125
(1,125)	-0.7722168
(1,126)	-0.910675
(1,127)	-1.041321
(1,128)	-1.161469
(1,129)	-1.114594
(1,130)	-1.049316
(1,131)	-0.9411316
(1,132)	-0.8321228
(1,133)	-0.6989136
(1,134)	-0.5710754
(1,135)	-0.4738159
(1,136)	-0.333313
(1,137)	-0.1784363
(1,138)	-0.02127075
(1,139)	0.1084595
(1,140)	0.1889038
(1,141)	0.2344055
(1,142)	0.2545776
(1,143)	0.3291626
(1,144)	0.4791565
(1,145)	0.545105
(1,146)	0.4965515
(1,147)	0.3391418
(1,148)	0.174469
(1,149)	0.1176147
(1,150)	0.1949463
(1,151)	0.3197632
(1,152)	0.4488525
(1,153)	0.5321045
(1,154)	0.6688232
(1,155)	0.7684937
(1,156)	0.7553101
(1,157)	0.6924438
(1,158)	0.5814514
(1,159)	0.5157166
(1,160)	0.3638611
(1,161)	0.1395874
(1,162)	-0.1322632
(1,163)	-0.3710938
(1,164)	-0.492981
(1,165)	-0.4519958
(1,166)	-0.2871399
(1,167)	-0.03973389
(1,168)	0.1099854
(1,169)	0.1122131
(1,170)	0.03341675
(1,171)	-0.008239746
(1,172)	-0.02841187
(1,173)	-0.1124268
(1,174)	-0.3506165
(1,175)	-0.5849609
(1,176)	-0.7680664
(1,177)	-0.7922058
(1,178)	-0.7669067
(1,179)	-0.7937012
(1,180)	-0.9091797
(1,181)	-1.010162
(1,182)	-0.979187
(1,183)	-0.8347473
(1,184)	-0.7359314
(1,185)	-0.7095642
(1,186)	-0.6839905
(1,187)	-0.6474915
(1,188)	-0.6413574
(1,189)	-0.7060852
(1,190)	-0.771698
(1,191)	-0.7910156
(1,192)	-0.6958313
(1,193)	-0.6056824
(1,194)	-0.4187927
(1,195)	-0.2423401
(1,196)	-0.009857178
(1,197)	0.2220154
(1,198)	0.3858032
(1,199)	0.4167786
(1,200)	0.2389221
(1,201)	0.08929443
(1,202)	0.05014038
(1,203)	0.08877563
(1,204)	0.1375427
(1,205)	0.1416931
(1,206)	0.1391602
(1,207)	0.1619263
(1,208)	0.1929626
(1,209)	0.2556152
(1,210)	0.2960815
(1,211)	0.3822937
(1,212)	0.5402222
(1,213)	0.7634583
(1,214)	0.9598389
(1,215)	1.095825
(1,216)	1.17041
(1,217)	1.26593
(1,218)	1.305969
(1,219)	1.262848
(1,220)	1.214722
(1,221)	1.287445
(1,222)	1.453247
(1,223)	1.544159
(1,224)	1.596771
(1,225)	1.712463
(1,226)	1.869324
(1,227)	1.878845
(1,228)	1.628601
(1,229)	1.170685
(1,230)	0.7609863
(1,231)	0.434021
(1,232)	0.1893921
(1,233)	-0.1328125
(1,234)	-0.4360046
(1,235)	-0.5597839
(1,236)	-0.4887085
(1,237)	-0.2036743
(1,238)	0.0284729
(1,239)	0.08111572
(1,240)	-0.1804199
(1,241)	-0.532959
(1,242)	-0.8785095
(1,243)	-1.068176
(1,244)	-1.143372
(1,245)	-1.085297
(1,246)	-1.017181
(1,247)	-0.9877319
(1,248)	-0.984375
(1,249)	-0.9721985
(1,250)	-1.003082
(1,251)	-1.004578
(1,252)	-0.786499
(1,253)	-0.3213196
(1,254)	0.1818237
(1,255)	0.5792542
(1,256)	0.8641663
(1,257)	1.273254
(1,258)	1.832153
(1,259)	2.418762
(1,260)	2.893494
(1,261)	2.967377
(1,262)	2.793121
(1,263)	2.548248
(1,264)	2.455841
(1,265)	2.485962
(1,266)	2.449982
(1,267)	2.290802
(1,268)	1.965607
(1,269)	1.421783
(1,270)	0.9077148
(1,271)	0.4546204
(1,272)	0.1984253
(1,273)	-0.1308594
(1,274)	-0.468811
(1,275)	-1.006012
(1,276)	-1.519806
(1,277)	-2.002441
(1,278)	-2.0802
(1,279)	-1.97818
(1,280)	-1.81134
(1,281)	-1.865845
(1,282)	-1.97937
(1,283)	-2.113831
(1,284)	-2.298462
(1,285)	-2.509155
(1,286)	-2.669891
(1,287)	-2.65271
(1,288)	-2.389221
(1,289)	-1.973419
(1,290)	-1.535309
(1,291)	-1.193817
(1,292)	-0.9351501
(1,293)	-0.764679
(1,294)	-0.7885437
(1,295)	-0.9507446
(1,296)	-1.115936
(1,297)	-1.25824
(1,298)	-1.363739
(1,299)	-1.376892
(1,300)	-1.140839
(1,301)	-0.9063416
(1,302)	-0.7548828
(1,303)	-0.6806946
(1,304)	-0.521637
(1,305)	-0.3319092
(1,306)	-0.2307739
(1,307)	-0.2416382
(1,308)	-0.3372498
(1,309)	-0.3722534
(1,310)	-0.324646
(1,311)	-0.1996765
(1,312)	-0.1488342
(1,313)	-0.0461731
(1,314)	0.08441162
(1,315)	0.3098145
(1,316)	0.450592
(1,317)	0.6535034
(1,318)	0.8844299
(1,319)	1.126068
(1,320)	1.284393
(1,321)	1.402191
(1,322)	1.556458
(1,323)	1.701996
(1,324)	1.804932
(1,325)	1.609741
(1,326)	1.227264
(1,327)	0.7721252
(1,328)	0.5298157
(1,329)	0.3417053
(1,330)	0.09399414
(1,331)	-0.1622925
(1,332)	-0.2311707
(1,333)	-0.12323
(1,334)	-0.0279541
(1,335)	-0.08840942
(1,336)	-0.2355957
(1,337)	-0.3053589
(1,338)	-0.2738647
(1,339)	-0.2616272
(1,340)	-0.4198608
(1,341)	-0.7464905
(1,342)	-1.032715
(1,343)	-1.189026
(1,344)	-1.206512
(1,345)	-1.19809
(1,346)	-1.254517
(1,347)	-1.305573
(1,348)	-1.184326
(1,349)	-0.9471741
(1,350)	-0.6105347
(1,351)	-0.3954163
(1,352)	-0.1836548
(1,353)	-0.08300781
(1,354)	-0.001983643
(1,355)	-0.006652832
(1,356)	-0.021698
(1,357)	-0.03985596
(1,358)	0.01101685
(1,359)	0.1558533
(1,360)	0.2172241
(1,361)	0.205658
(1,362)	0.2396545
(1,363)	0.377655
(1,364)	0.60495
(1,365)	0.9224854
(1,366)	1.359253
(1,367)	1.81369
(1,368)	2.161133
(1,369)	2.427216
(1,370)	2.665039
(1,371)	2.608185
(1,372)	2.526886
(1,373)	2.099182
(1,374)	1.786987
(1,375)	1.475281
(1,376)	1.478699
(1,377)	1.447571
(1,378)	1.257385
(1,379)	1.035248
(1,380)	0.9311218
(1,381)	0.9165649
(1,382)	0.7912292
(1,383)	0.5488281
(1,384)	0.1793518
(1,385)	-0.1372681
(1,386)	-0.2800293
(1,387)	-0.2883301
(1,388)	-0.2610779
(1,389)	-0.3394165
(1,390)	-0.388855
(1,391)	-0.4864807
(1,392)	-0.5136719
(1,393)	-0.5088806
(1,394)	-0.4655151
(1,395)	-0.4860229
(1,396)	-0.5690613
(1,397)	-0.6703186
(1,398)	-0.7612
(1,399)	-0.7662354
(1,400)	-0.6961975
(1,401)	-0.6186829
(1,402)	-0.5364685
(1,403)	-0.4294434
(1,404)	-0.3151245
(1,405)	-0.2932129
(1,406)	-0.3817749
(1,407)	-0.412262
(1,408)	-0.3269653
(1,409)	-0.1934204
(1,410)	-0.09942627
(1,411)	-0.07699585
(1,412)	-0.01416016
(1,413)	0.02325439
(1,414)	0.02316284
(1,415)	-0.09362793
(1,416)	-0.3211975
(1,417)	-0.5503845
(1,418)	-0.7677917
(1,419)	-0.8621521
(1,420)	-0.8915405
(1,421)	-0.854126
(1,422)	-0.8005981
(1,423)	-0.7369385
(1,424)	-0.5945435
(1,425)	-0.4014282
(1,426)	-0.2064819
(1,427)	-0.1714478
(1,428)	-0.1965637
(1,429)	-0.172821
(1,430)	-0.05953979
(1,431)	0.05172729
(1,432)	0.2189026
(1,433)	0.3714905
(1,434)	0.553833
(1,435)	0.6149292
(1,436)	0.727417
(1,437)	0.8520813
(1,438)	0.9724731
(1,439)	1.01712
(1,440)	1.004608
(1,441)	1.046356
(1,442)	1.202393
(1,443)	1.393036
(1,444)	1.484924
(1,445)	1.428986
(1,446)	1.218658
(1,447)	1.06012
(1,448)	0.8515625
(1,449)	0.7199707
(1,450)	0.6739197
(1,451)	0.6530151
(1,452)	0.6322327
(1,453)	0.5574341
(1,454)	0.5284119
(1,455)	0.5436401
(1,456)	0.3990479
(1,457)	0.04797363
(1,458)	-0.3902283
(1,459)	-0.7670288
(1,460)	-0.9476318
(1,461)	-1.087952
(1,462)	-1.217468
(1,463)	-1.339691
(1,464)	-1.469452
(1,465)	-1.639801
(1,466)	-1.78772
(1,467)	-1.805054
(1,468)	-1.563721
(1,469)	-1.182251
(1,470)	-0.7437744
(1,471)	-0.4023743
(1,472)	-0.1130676
(1,473)	0.1672363
(1,474)	0.4425354
(1,475)	0.5713806
(1,476)	0.5365906
(1,477)	0.4250183
(1,478)	0.3283386
(1,479)	0.2556763
(1,480)	0.1330261
(1,481)	0.00189209
(1,482)	0.02233887
(1,483)	0.2141113
(1,484)	0.4468994
(1,485)	0.5091553
(1,486)	0.5123596
(1,487)	0.5033875
(1,488)	0.4900818
(1,489)	0.4847717
(1,490)	0.4884338
(1,491)	0.5515137
(1,492)	0.6364136
(1,493)	0.6427917
(1,494)	0.6368713
(1,495)	0.5541077
(1,496)	0.5257263
(1,497)	0.4017334
(1,498)	0.1544189
(1,499)	-0.04864502
(1,500)	-0.1539307
(1,501)	-0.07507324
(1,502)	-0.07824707
(1,503)	-0.1508789
(1,504)	-0.1852722
(1,505)	-0.2071533
(1,506)	-0.1515503
(1,507)	-0.1757507
(1,508)	-0.05349731
(1,509)	0.1273193
(1,510)	0.3854675
(1,511)	0.5334473
(1,512)	0.5935669
(1,513)	0.5949097
(1,514)	0.5643005
(1,515)	0.5053406
(1,516)	0.3648376
(1,517)	0.2199097
(1,518)	0.05566406
(1,519)	-0.02301025
(1,520)	-0.1274109
(1,521)	-0.263855
(1,522)	-0.3989868
(1,523)	-0.5078125
(1,524)	-0.6730042
(1,525)	-0.9168396
(1,526)	-1.202179
(1,527)	-1.410797
(1,528)	-1.454346
(1,529)	-1.373718
(1,530)	-1.088959
(1,531)	-0.7919006
(1,532)	-0.5509033
(1,533)	-0.5214233
(1,534)	-0.6714172
(1,535)	-0.8122559
(1,536)	-0.9637146
(1,537)	-1.07962
(1,538)	-1.269043
(1,539)	-1.398285
(1,540)	-1.343109
(1,541)	-1.226288
(1,542)	-1.040375
(1,543)	-0.8209229
(1,544)	-0.572998
(1,545)	-0.4259338
(1,546)	-0.5583801
(1,547)	-0.7569885
(1,548)	-0.9804688
(1,549)	-1.10965
(1,550)	-1.25235
(1,551)	-1.313324
(1,552)	-1.225128
(1,553)	-1.015015
(1,554)	-0.7338562
(1,555)	-0.5074463
(1,556)	-0.2729797
(1,557)	-0.04244995
(1,558)	0.1018677
(1,559)	0.163208
(1,560)	0.1882629
(1,561)	0.3112793
(1,562)	0.4607849
(1,563)	0.6114807
(1,564)	0.6154785
(1,565)	0.5357666
(1,566)	0.4225464
(1,567)	0.4184265
(1,568)	0.5628357
(1,569)	0.7167969
(1,570)	0.8534546
(1,571)	0.8757935
(1,572)	0.8491211
(1,573)	0.8673706
(1,574)	0.8454285
(1,575)	0.8166504
(1,576)	0.7836304
(1,577)	0.759552
(1,578)	0.7643433
(1,579)	0.658905
(1,580)	0.5024719
(1,581)	0.3329163
(1,582)	0.2501831
(1,583)	0.2288818
(1,584)	0.243042
(1,585)	0.265564
(1,586)	0.2315979
(1,587)	0.07351685
(1,588)	-0.02139282
(1,589)	-0.1165466
(1,590)	-0.1979675
(1,591)	-0.4319153
(1,592)	-0.6390686
(1,593)	-0.8282166
(1,594)	-0.8923035
(1,595)	-0.9443359
(1,596)	-0.9738159
(1,597)	-1.078217
(1,598)	-1.191071
(1,599)	-1.237854
(1,600)	-1.224335
(1,601)	-1.176453
(1,602)	-1.160217
(1,603)	-1.116913
(1,604)	-1.017242
(1,605)	-0.9342957
(1,606)	-0.8303528
(1,607)	-0.7264099
(1,608)	-0.6303101
(1,609)	-0.6446838
(1,610)	-0.6841125
(1,611)	-0.6677856
(1,612)	-0.549408
(1,613)	-0.4514465
(1,614)	-0.3737183
(1,615)	-0.3215027
(1,616)	-0.2554016
(1,617)	-0.1810303
(1,618)	-0.09082031
(1,619)	-0.002502441
(1,620)	0.04092407
(1,621)	0.06060791
(1,622)	0.05728149
(1,623)	0.07077026
(1,624)	0.01013184
(1,625)	-0.1559143
(1,626)	-0.3603821
(1,627)	-0.5285034
(1,628)	-0.5830383
(1,629)	-0.4875183
(1,630)	-0.2967224
(1,631)	-0.09979248
(1,632)	0.04251099
(1,633)	0.1503296
(1,634)	0.252655
(1,635)	0.318512
(1,636)	0.4107666
(1,637)	0.4142151
(1,638)	0.2839355
(1,639)	0.07879639
(1,640)	-0.08074951
(1,641)	-0.1823425
(1,642)	-0.3046265
(1,643)	-0.4766846
(1,644)	-0.6010437
(1,645)	-0.7409668
(1,646)	-0.8598633
(1,647)	-0.9608459
(1,648)	-0.8937378
(1,649)	-0.6776733
(1,650)	-0.4706726
(1,651)	-0.356781
(1,652)	-0.252533
(1,653)	-0.1130371
(1,654)	0.05825806
(1,655)	0.1343384
(1,656)	0.1652222
(1,657)	0.1817627
(1,658)	0.2345886
(1,659)	0.3154602
(1,660)	0.2460938
(1,661)	0.002197266
(1,662)	-0.2455444
(1,663)	-0.3146667
(1,664)	-0.19104
(1,665)	-0.06427002
(1,666)	0.02532959
(1,667)	0.02352905
(1,668)	0.006378174
(1,669)	0.04769897
(1,670)	0.1482239
(1,671)	0.3428345
(1,672)	0.5595093
(1,673)	0.72229
(1,674)	0.6568909
(1,675)	0.4284058
(1,676)	0.2244568
(1,677)	0.2385559
(1,678)	0.2458191
(1,679)	0.1646423
(1,680)	-0.0300293
(1,681)	-0.1187439
(1,682)	-0.133667
(1,683)	-0.07669067
(1,684)	0.1126404
(1,685)	0.3886108
(1,686)	0.6697998
(1,687)	0.8176575
(1,688)	0.9515686
(1,689)	1.092041
(1,690)	1.283722
(1,691)	1.492523
(1,692)	1.694397
(1,693)	1.971161
(1,694)	2.265656
(1,695)	2.438324
(1,696)	2.452881
(1,697)	2.308167
(1,698)	1.958527
(1,699)	1.48822
(1,700)	0.8761902
(1,701)	0.3400574
(1,702)	-0.1445618
(1,703)	-0.4395142
(1,704)	-0.3416443
(1,705)	-0.09408569
(1,706)	0.1418762
(1,707)	0.1601257
(1,708)	0.07794189
(1,709)	-0.07019043
(1,710)	-0.2158508
(1,711)	-0.2817688
(1,712)	-0.4434814
(1,713)	-0.7406006
(1,714)	-1.125488
(1,715)	-1.340149
(1,716)	-1.445374
(1,717)	-1.654846
(1,718)	-1.927551
(1,719)	-2.149872
(1,720)	-2.088318
(1,721)	-1.875214
(1,722)	-1.61731
(1,723)	-1.426666
(1,724)	-1.24765
(1,725)	-1.086365
(1,726)	-0.9227295
(1,727)	-0.8105164
(1,728)	-0.74646
(1,729)	-0.7958984
(1,730)	-0.8800354
(1,731)	-0.9067993
(1,732)	-0.8358154
(1,733)	-0.7223206
(1,734)	-0.5872498
(1,735)	-0.4383545
(1,736)	-0.2139587
(1,737)	0.1350098
(1,738)	0.5565186
(1,739)	0.9119873
(1,740)	1.068176
(1,741)	1.203125
(1,742)	1.382019
(1,743)	1.638062
(1,744)	1.843048
(1,745)	2.046844
(1,746)	2.118011
(1,747)	2.081604
(1,748)	2.029419
(1,749)	2.110352
(1,750)	2.419464
(1,751)	2.720947
(1,752)	2.963745
(1,753)	3.075195
(1,754)	3.019897
(1,755)	2.907288
(1,756)	2.68277
(1,757)	2.513275
(1,758)	2.179657
(1,759)	2.004608
(1,760)	1.697845
(1,761)	1.307678
(1,762)	0.7494202
(1,763)	0.2468567
(1,764)	-0.09893799
(1,765)	-0.4984131
(1,766)	-0.8404541
(1,767)	-1.146759
(1,768)	-1.402283
(1,769)	-1.653503
(1,770)	-1.86618
(1,771)	-1.952759
(1,772)	-2.089935
(1,773)	-2.162109
(1,774)	-2.212891
(1,775)	-2.054169
(1,776)	-1.833557
(1,777)	-1.651428
(1,778)	-1.594818
(1,779)	-1.65329
(1,780)	-1.615173
(1,781)	-1.409332
(1,782)	-1.094025
(1,783)	-0.7827759
(1,784)	-0.6175537
(1,785)	-0.5634155
(1,786)	-0.6603394
(1,787)	-0.8058167
(1,788)	-0.9458923
(1,789)	-1.078308
(1,790)	-1.228088
(1,791)	-1.353973
(1,792)	-1.30426
(1,793)	-1.051849
(1,794)	-0.7301636
(1,795)	-0.4845886
(1,796)	-0.4046021
(1,797)	-0.3591614
(1,798)	-0.3282166
(1,799)	-0.3294983
(1,800)	-0.3562012
(1,801)	-0.3712463
(1,802)	-0.3297119
(1,803)	-0.2440796
(1,804)	-0.1155396
(1,805)	0.02191162
(1,806)	0.1295776
(1,807)	0.1686707
(1,808)	0.1923828
(1,809)	0.359375
(1,810)	0.6774597
(1,811)	0.9822998
(1,812)	1.140198
(1,813)	1.178711
(1,814)	1.276672
(1,815)	1.320374
(1,816)	1.332764
(1,817)	1.204773
(1,818)	1.072205
(1,819)	0.8751526
(1,820)	0.7125549
(1,821)	0.4969482
(1,822)	0.3781738
(1,823)	0.3365784
(1,824)	0.3869629
(1,825)	0.4814148
(1,826)	0.5632019
(1,827)	0.7117004
(1,828)	0.8666687
(1,829)	0.9695129
(1,830)	0.9689331
(1,831)	0.8836365
(1,832)	0.7574463
(1,833)	0.6573792
(1,834)	0.5713806
(1,835)	0.4511719
(1,836)	0.4094849
(1,837)	0.4042053
(1,838)	0.4407654
(1,839)	0.3540955
(1,840)	0.2969055
(1,841)	0.3937683
(1,842)	0.6567993
(1,843)	0.9969482
(1,844)	1.26767
(1,845)	1.53006
(1,846)	1.80423
(1,847)	2.125366
(1,848)	2.465393
(1,849)	2.751587
(1,850)	2.811279
(1,851)	2.701874
(1,852)	2.522614
(1,853)	2.428619
(1,854)	2.446716
(1,855)	2.413452
(1,856)	2.270477
(1,857)	1.825409
(1,858)	1.212372
(1,859)	0.6187744
(1,860)	0.1525879
(1,861)	-0.2555847
(1,862)	-0.6899719
(1,863)	-1.208984
(1,864)	-1.605133
(1,865)	-1.78952
(1,866)	-1.809967
(1,867)	-1.787323
(1,868)	-1.856476
(1,869)	-2.02948
(1,870)	-2.207092
(1,871)	-2.319641
(1,872)	-2.324493
(1,873)	-2.394867
(1,874)	-2.442657
(1,875)	-2.449707
(1,876)	-2.300568
(1,877)	-2.155212
(1,878)	-1.926392
(1,879)	-1.709015
(1,880)	-1.470367
(1,881)	-1.371735
(1,882)	-1.348907
(1,883)	-1.400452
(1,884)	-1.521118
(1,885)	-1.719666
(1,886)	-1.914917
(1,887)	-1.948029
(1,888)	-1.814941
(1,889)	-1.536224
(1,890)	-1.1922
(1,891)	-0.8258057
(1,892)	-0.5290222
(1,893)	-0.234375
(1,894)	0.02999878
(1,895)	0.2212524
(1,896)	0.3016357
(1,897)	0.3530273
(1,898)	0.4472351
(1,899)	0.5635986
(1,900)	0.6464539
(1,901)	0.686554
(1,902)	0.666626
(1,903)	0.7120972
(1,904)	0.7923889
(1,905)	0.9744568
(1,906)	1.122192
(1,907)	1.20401
(1,908)	1.130402
(1,909)	1.046478
(1,910)	0.9649048
(1,911)	0.8233337
(1,912)	0.6212769
(1,913)	0.5006104
(1,914)	0.6292114
(1,915)	0.9167175
(1,916)	1.161194
(1,917)	1.338745
(1,918)	1.550079
(1,919)	1.774048
(1,920)	1.989471
(1,921)	2.095306
(1,922)	2.207153
(1,923)	2.206085
(1,924)	2.1745
(1,925)	2.017578
(1,926)	1.71225
(1,927)	1.294434
(1,928)	0.6737061
(1,929)	0.1312561
(1,930)	-0.317627
(1,931)	-0.4511719
(1,932)	-0.4148865
(1,933)	-0.3719788
(1,934)	-0.4674988
(1,935)	-0.7874146
(1,936)	-1.185974
(1,937)	-1.498352
(1,938)	-1.657013
(1,939)	-1.715363
(1,940)	-1.855103
(1,941)	-1.987457
(1,942)	-2.104767
(1,943)	-2.118805
(1,944)	-2.187408
(1,945)	-2.261139
(1,946)	-2.345642
(1,947)	-2.334747
(1,948)	-2.240021
(1,949)	-2.029663
(1,950)	-1.745453
(1,951)	-1.466492
(1,952)	-1.17572
(1,953)	-0.8590393
(1,954)	-0.5676575
(1,955)	-0.3765259
(1,956)	-0.2821655
(1,957)	-0.2825317
(1,958)	-0.2637329
(1,959)	-0.1678772
(1,960)	0.03234863
(1,961)	0.2550049
(1,962)	0.3509216
(1,963)	0.4404602
(1,964)	0.4878235
(1,965)	0.734314
(1,966)	1.102875
(1,967)	1.490814
(1,968)	1.800354
(1,969)	1.984619
(1,970)	2.196747
(1,971)	2.294128
(1,972)	2.227203
(1,973)	1.800171
(1,974)	1.316559
(1,975)	0.8933411
(1,976)	0.6260681
(1,977)	0.4814453
(1,978)	0.3292847
(1,979)	0.3303833
(1,980)	0.4234314
(1,981)	0.5733337
(1,982)	0.6573486
(1,983)	0.5540771
(1,984)	0.335907
(1,985)	0.09884644
(1,986)	-0.09155273
(1,987)	-0.2276611
(1,988)	-0.3615417
(1,989)	-0.4171143
(1,990)	-0.3615723
(1,991)	-0.2905273
(1,992)	-0.2854614
(1,993)	-0.2719421
(1,994)	-0.2028503
(1,995)	-0.1540833
(1,996)	-0.03601074
(1,997)	0.1260376
(1,998)	0.2644653
(1,999)	0.2758179
(1,1000)	0.2199097
(1,1001)	0.2246704
(1,1002)	0.308197
(1,1003)	0.4127197
(1,1004)	0.5088501
(1,1005)	0.5864868
(1,1006)	0.6467285
(1,1007)	0.6395264
(1,1008)	0.5157471
(1,1009)	0.182312
(1,1010)	-0.1602478
(1,1011)	-0.4289551
(1,1012)	-0.5517578
(1,1013)	-0.6227112
(1,1014)	-0.6586609
(1,1015)	-0.6575623
(1,1016)	-0.6597595
(1,1017)	-0.6144104
(1,1018)	-0.5667725
(1,1019)	-0.5596313
(1,1020)	-0.6633911
(1,1021)	-0.680481
(1,1022)	-0.5910339
(1,1023)	-0.3482666
(1,1024)	-0.07107544
(1,1025)	0.2699585
(1,1026)	0.6677551
(1,1027)	0.912323
(1,1028)	0.9709167
(1,1029)	0.9818115
(1,1030)	1.007843
(1,1031)	1.022491
(1,1032)	0.871521
(1,1033)	0.6886597
(1,1034)	0.6047363
(1,1035)	0.6116028
(1,1036)	0.6685791
(1,1037)	0.7475891
(1,1038)	0.7849426
(1,1039)	0.7594604
(1,1040)	0.7159119
(1,1041)	0.7094727
(1,1042)	0.6829529
(1,1043)	0.5627747
(1,1044)	0.4256287
(1,1045)	0.2782593
(1,1046)	0.117981
(1,1047)	-0.05319214
(1,1048)	-0.203949
(1,1049)	-0.2672729
(1,1050)	-0.3167114
(1,1051)	-0.287323
(1,1052)	-0.255249
(1,1053)	-0.2072754
(1,1054)	-0.1648254
(1,1055)	-0.1313171
(1,1056)	-0.1650085
(1,1057)	-0.3360901
(1,1058)	-0.5517578
(1,1059)	-0.668335
(1,1060)	-0.6656799
(1,1061)	-0.6546021
(1,1062)	-0.6214294
(1,1063)	-0.5402527
(1,1064)	-0.4438477
(1,1065)	-0.449585
(1,1066)	-0.5328369
(1,1067)	-0.5487061
(1,1068)	-0.338562
(1,1069)	-0.0333252
(1,1070)	0.1652222
(1,1071)	0.2169495
(1,1072)	0.2572021
(1,1073)	0.4549255
(1,1074)	0.6265259
(1,1075)	0.7792969
(1,1076)	0.8530273
(1,1077)	0.9389343
(1,1078)	1.00351
(1,1079)	1.122314
(1,1080)	1.324738
(1,1081)	1.454865
(1,1082)	1.332764
(1,1083)	1.056763
(1,1084)	0.8557739
(1,1085)	0.8953552
(1,1086)	1.115997
(1,1087)	1.342041
(1,1088)	1.503357
(1,1089)	1.611725
(1,1090)	1.753906
(1,1091)	1.844025
(1,1092)	1.747864
(1,1093)	1.402802
(1,1094)	0.9589844
(1,1095)	0.6550598
(1,1096)	0.3501282
(1,1097)	-0.03985596
(1,1098)	-0.5873413
(1,1099)	-0.9718323
(1,1100)	-1.167419
(1,1101)	-1.155914
(1,1102)	-1.172882
(1,1103)	-1.222168
(1,1104)	-1.335327
(1,1105)	-1.353058
(1,1106)	-1.186584
(1,1107)	-0.9129028
(1,1108)	-0.7037659
(1,1109)	-0.5775452
(1,1110)	-0.5226135
(1,1111)	-0.5259399
(1,1112)	-0.644989
(1,1113)	-0.8240356
(1,1114)	-0.9299622
(1,1115)	-0.8630981
(1,1116)	-0.6401672
(1,1117)	-0.3468323
(1,1118)	-0.09143066
(1,1119)	0.09140015
(1,1120)	0.2285156
(1,1121)	0.3538513
(1,1122)	0.5825806
(1,1123)	0.8108215
(1,1124)	0.9535828
(1,1125)	0.9499512
(1,1126)	0.9425964
(1,1127)	1.010132
(1,1128)	1.02005
(1,1129)	0.8882751
(1,1130)	0.7147827
(1,1131)	0.5651245
(1,1132)	0.4151001
(1,1133)	0.1516113
(1,1134)	-0.05386353
(1,1135)	-0.2323303
(1,1136)	-0.2816772
(1,1137)	-0.2356567
(1,1138)	-0.1229553
(1,1139)	0.01107788
(1,1140)	0.001281738
(1,1141)	0.03616333
(1,1142)	-0.02059937
(1,1143)	-0.00958252
(1,1144)	-0.04995728
(1,1145)	-0.09234619
(1,1146)	-0.2233276
(1,1147)	-0.2519226
(1,1148)	-0.1798401
(1,1149)	-0.02713013
(1,1150)	0.06072998
(1,1151)	0.1053467
(1,1152)	0.06518555
(1,1153)	-0.1532288
(1,1154)	-0.440979
(1,1155)	-0.6277161
(1,1156)	-0.7053223
(1,1157)	-0.7638245
(1,1158)	-0.8413696
(1,1159)	-0.9307251
(1,1160)	-0.9494629
(1,1161)	-0.9856873
(1,1162)	-1.057709
(1,1163)	-1.115173
(1,1164)	-1.124481
(1,1165)	-0.9234619
(1,1166)	-0.7107849
(1,1167)	-0.5372925
(1,1168)	-0.3597412
(1,1169)	-0.190918
(1,1170)	0.04330444
(1,1171)	0.1994629
(1,1172)	0.3214417
(1,1173)	0.4243469
(1,1174)	0.5251465
(1,1175)	0.6603699
(1,1176)	0.791626
(1,1177)	0.7958679
(1,1178)	0.779541
(1,1179)	0.7106018
(1,1180)	0.6382141
(1,1181)	0.4870605
(1,1182)	0.4267578
(1,1183)	0.3601685
(1,1184)	0.2998352
(1,1185)	0.1739197
(1,1186)	0.1250305
(1,1187)	0.1006775
(1,1188)	-0.01223755
(1,1189)	-0.2139893
(1,1190)	-0.4555359
(1,1191)	-0.6200256
(1,1192)	-0.809967
(1,1193)	-0.9356995
(1,1194)	-0.9934082
(1,1195)	-0.9021606
(1,1196)	-0.8041382
(1,1197)	-0.7324829
(1,1198)	-0.7034912
(1,1199)	9.96921e+36
warning:Attempt to reference attribute (_FillValue) which is undefined
warning:Attempt to reference attribute (_FillValue) which is undefined
warning:Attempt to reference attribute (_FillValue) which is undefined
warning:Attempt to reference attribute (_FillValue) which is undefined


Variable: ctrl_n_el
Type: integer
Total Size: 4 bytes
            1 values
Number of Dimensions: 1
Dimensions and sizes:	[1]
Coordinates: 
(0)	343


Variable: ctrl_n_la
Type: integer
Total Size: 4 bytes
            1 values
Number of Dimensions: 1
Dimensions and sizes:	[1]
Coordinates: 
(0)	382


Variable: exp_n_el
Type: integer
Total Size: 4 bytes
            1 values
Number of Dimensions: 1
Dimensions and sizes:	[1]
Coordinates: 
(0)	345


Variable: exp_n_la
Type: integer
Total Size: 4 bytes
            1 values
Number of Dimensions: 1
Dimensions and sizes:	[1]
Coordinates: 
(0)	367
