 Copyright (C) 1995-2015 - All Rights Reserved
 University Corporation for Atmospheric Research
 NCAR Command Language Version 6.3.0
 The use of this software is governed by a License Agreement.
 See http://www.ncl.ucar.edu/ for more details.


Variable: contri
Type: double
Total Size: 20160 bytes
            2520 values
Number of Dimensions: 2
Dimensions and sizes:	[5] x [504]
Coordinates: 
Number Of Attributes: 1
  _FillValue :	9.969209968386869e+36
(0,0)	5.447412659559169e-09
(0,1)	-1.157844485841086e-08
(0,2)	-3.356578687028336e-08
(0,3)	5.572446065772375e-06
(0,4)	0.0002068836195395792
(0,5)	0.001777776774639773
(0,6)	0.005505731306422916
(0,7)	0.01154068324051614
(0,8)	0.01841073786611794
(0,9)	0.0205883973270427
(0,10)	0.02705240029966095
(0,11)	0.04631542527276112
(0,12)	0.07567663835841473
(0,13)	0.1085342648716472
(0,14)	0.1439668686271748
(0,15)	0.1763795393399433
(0,16)	0.200795778746788
(0,17)	0.2258269474789556
(0,18)	0.2537231479090498
(0,19)	0.2781845113440435
(0,20)	0.2978999013519756
(0,21)	0.3115384366557367
(0,22)	0.3165258171770493
(0,23)	0.3085642912813295
(0,24)	0.3059642573974121
(0,25)	0.3452997398602434
(0,26)	0.4079439239707522
(0,27)	0.4694123869021394
(0,28)	0.5273555944579055
(0,29)	0.5805491865074306
(0,30)	0.6134410991273399
(0,31)	0.6161887593995006
(0,32)	0.5844564723375761
(0,33)	0.4872300390535746
(0,34)	0.4241775013000252
(0,35)	0.4230413423805051
(0,36)	0.4434288727081018
(0,37)	0.4790702473278436
(0,38)	0.5191493029916472
(0,39)	0.5431513912023795
(0,40)	0.564251970623542
(0,41)	0.5778535339527205
(0,42)	0.5857377879989708
(0,43)	0.5891645832552651
(0,44)	0.5905188752081176
(0,45)	0.5870833495929494
(0,46)	0.5761052878541472
(0,47)	0.5530809800262066
(0,48)	0.5501238356152656
(0,49)	0.5971181706697195
(0,50)	0.6466703297688087
(0,51)	0.6792732473572186
(0,52)	0.7005769009345272
(0,53)	0.7122156574678775
(0,54)	0.7123649345154273
(0,55)	0.6934396346237856
(0,56)	0.6410560281028699
(0,57)	0.51954040292044
(0,58)	0.4495096242494551
(0,59)	0.4329291629929382
(0,60)	0.4379254826512633
(0,61)	0.4514090044658625
(0,62)	0.4737098527893775
(0,63)	0.4956961358238662
(0,64)	0.5065765129099815
(0,65)	0.5083515888975731
(0,66)	0.5032231533826557
(0,67)	0.4963017431735903
(0,68)	0.4890707803335644
(0,69)	0.4785193281020239
(0,70)	0.4717846642423918
(0,71)	0.4589784414232015
(0,72)	0.4228822858341652
(0,73)	0.4240057557040381
(0,74)	0.4321745477158473
(0,75)	0.4539834766652656
(0,76)	0.4753887661424208
(0,77)	0.4931264577633199
(0,78)	0.504713585187576
(0,79)	0.5003746093819698
(0,80)	0.4863540459088098
(0,81)	0.4191880688173742
(0,82)	0.3733593831003225
(0,83)	0.3605309094590426
(0,84)	0.3599840614765962
(0,85)	0.3696091053514753
(0,86)	0.3775465937530881
(0,87)	0.3746442316229635
(0,88)	0.360602419889217
(0,89)	0.3445474636653474
(0,90)	0.3308888134261178
(0,91)	0.3207007719570111
(0,92)	0.3133844248840548
(0,93)	0.3090357457722279
(0,94)	0.306017202110043
(0,95)	0.2965013639672456
(0,96)	0.2918622178973371
(0,97)	0.3141242925452864
(0,98)	0.3425286888324658
(0,99)	0.3765731951265508
(0,100)	0.4123503318027113
(0,101)	0.4362548472983186
(0,102)	0.4495789690005661
(0,103)	0.449273484793881
(0,104)	0.415434610164911
(0,105)	0.3172986932148876
(0,106)	0.2621302727293038
(0,107)	0.2414835037666229
(0,108)	0.2406762831698395
(0,109)	0.2457293856813122
(0,110)	0.2656603731715447
(0,111)	0.3114565674391796
(0,112)	0.370554296536394
(0,113)	0.4202474188320844
(0,114)	0.4599485008780186
(0,115)	0.4675180252871474
(0,116)	0.4575372513799671
(0,117)	0.461873197286007
(0,118)	0.4658108424226127
(0,119)	0.4568822097739509
(0,120)	0.4535681803355198
(0,121)	0.4844531918419102
(0,122)	0.5164026674969238
(0,123)	0.5484383752162797
(0,124)	0.5680919274048747
(0,125)	0.5545588413347994
(0,126)	0.5136394813193401
(0,127)	0.4589996083028549
(0,128)	0.3857957122922429
(0,129)	0.2802024289435268
(0,130)	0.2364300705486575
(0,131)	0.2324589069810846
(0,132)	0.2112324310482419
(0,133)	0.1826899101615569
(0,134)	0.1702540503987678
(0,135)	0.1682590253041666
(0,136)	0.1724112080500922
(0,137)	0.181667444131022
(0,138)	0.1887776412489212
(0,139)	0.1933201477763673
(0,140)	0.2009636544347032
(0,141)	0.2140437363660454
(0,142)	0.2314179914149488
(0,143)	0.2472139801822885
(0,144)	0.2474538722755353
(0,145)	0.2600647143037008
(0,146)	0.2853915398853227
(0,147)	0.3247443002291334
(0,148)	0.3639475104924292
(0,149)	0.390316576565932
(0,150)	0.401678937564693
(0,151)	0.4014575571206476
(0,152)	0.3832098544688435
(0,153)	0.3171119805156607
(0,154)	0.2785594135528924
(0,155)	0.2771547762416319
(0,156)	0.277495496780539
(0,157)	0.2571586190431803
(0,158)	0.2270500229886533
(0,159)	0.1978451630301783
(0,160)	0.1751166596446236
(0,161)	0.1666573207627942
(0,162)	0.1675402396715048
(0,163)	0.1759996358358395
(0,164)	0.1909074423113828
(0,165)	0.2110465302500328
(0,166)	0.2312178175499641
(0,167)	0.2410069789192468
(0,168)	0.2546929941157902
(0,169)	0.2659697933459154
(0,170)	0.2795790028823557
(0,171)	0.299912101379193
(0,172)	0.3210965335481962
(0,173)	0.3373857717024346
(0,174)	0.3524017026570774
(0,175)	0.3753497045176428
(0,176)	0.382624788264868
(0,177)	0.3223925178893617
(0,178)	0.2658926294040676
(0,179)	0.2552861976163605
(0,180)	0.2587325963465883
(0,181)	0.2527030758395734
(0,182)	0.2355828058644961
(0,183)	0.2214866731626908
(0,184)	0.2164885795672418
(0,185)	0.2315768122232619
(0,186)	0.2622964103484652
(0,187)	0.3079195158626222
(0,188)	0.3873868572437729
(0,189)	0.4941784987601143
(0,190)	0.5805328133985411
(0,191)	0.6255016207785509
(0,192)	0.6592556775131377
(0,193)	0.6942658923821849
(0,194)	0.7254046946245981
(0,195)	0.7480546183198523
(0,196)	0.7616062294178074
(0,197)	0.7666040896196622
(0,198)	0.7653164010588145
(0,199)	0.7578171320356378
(0,200)	0.7377127417803193
(0,201)	0.6830923692551103
(0,202)	0.6377855572077108
(0,203)	0.6326979099721767
(0,204)	0.6434922774609572
(0,205)	0.6457550321910827
(0,206)	0.6478729430661798
(0,207)	0.6544015373880872
(0,208)	0.6618022734928615
(0,209)	0.6622025099433715
(0,210)	0.6550868160096224
(0,211)	0.6435926266080907
(0,212)	0.6290575882198358
(0,213)	0.6144653012328345
(0,214)	0.5962537330438744
(0,215)	0.5820371153632975
(0,216)	0.5493118499796139
(0,217)	0.5748382294432078
(0,218)	0.600124780359103
(0,219)	0.6228445074950704
(0,220)	0.6344101582326014
(0,221)	0.6425813739251208
(0,222)	0.6451818048870972
(0,223)	0.6498329547357158
(0,224)	0.6428957297929817
(0,225)	0.5826978419448061
(0,226)	0.5029973844831038
(0,227)	0.4636847085138022
(0,228)	0.4283695747275524
(0,229)	0.3921246607267588
(0,230)	0.3656364608840628
(0,231)	0.3405907144174985
(0,232)	0.3205302032847369
(0,233)	0.3136546588123265
(0,234)	0.3171337772614096
(0,235)	0.3230984818935946
(0,236)	0.3271930763441375
(0,237)	0.328233202357635
(0,238)	0.3233347945963083
(0,239)	0.3158450475664661
(0,240)	0.3389792358137702
(0,241)	0.383107284779319
(0,242)	0.4315867233960388
(0,243)	0.4685717717294949
(0,244)	0.4879741137379447
(0,245)	0.5046474876664493
(0,246)	0.5130823840527926
(0,247)	0.5086473953410005
(0,248)	0.4936958026747455
(0,249)	0.4189267550649555
(0,250)	0.3506623522280459
(0,251)	0.3326520616727032
(0,252)	0.3285495031161762
(0,253)	0.3302814288295886
(0,254)	0.3327423990600805
(0,255)	0.3287768712774582
(0,256)	0.3213425349347405
(0,257)	0.3122293348369337
(0,258)	0.3085928816112585
(0,259)	0.3121197215756483
(0,260)	0.3176380184918524
(0,261)	0.3270639219667683
(0,262)	0.3348738034497093
(0,263)	0.3407143885632558
(0,264)	0.3676245039601125
(0,265)	0.4113207342505555
(0,266)	0.4563797997462624
(0,267)	0.47845576146026
(0,268)	0.4881009761005897
(0,269)	0.4864553658968598
(0,270)	0.4697812053060739
(0,271)	0.454474111533257
(0,272)	0.4365100978467688
(0,273)	0.3644930964178265
(0,274)	0.3100821043698542
(0,275)	0.3021442947146999
(0,276)	0.3053296135758634
(0,277)	0.309594937398008
(0,278)	0.3198386778494952
(0,279)	0.339579092207162
(0,280)	0.3580329001268865
(0,281)	0.3760929483198944
(0,282)	0.3941160344866823
(0,283)	0.4081111824875637
(0,284)	0.4297228019807573
(0,285)	0.4670199406614353
(0,286)	0.4985806515758432
(0,287)	0.5102301045310609
(0,288)	0.5182648152657003
(0,289)	0.5967837117049193
(0,290)	0.654148067571503
(0,291)	0.6859768846791529
(0,292)	0.7050128827567922
(0,293)	0.7187587910576774
(0,294)	0.7299630967980271
(0,295)	0.72748530915447
(0,296)	0.7155997900136606
(0,297)	0.6300305534365638
(0,298)	0.5425552399224264
(0,299)	0.5081743679930379
(0,300)	0.480189206833291
(0,301)	0.4507735839165088
(0,302)	0.4143584895117433
(0,303)	0.3709376208851814
(0,304)	0.3224656802329316
(0,305)	0.2821289871712516
(0,306)	0.2639170080919767
(0,307)	0.2573520054075285
(0,308)	0.2558083156625045
(0,309)	0.2539152428488917
(0,310)	0.2470579803136301
(0,311)	0.2388299267761688
(0,312)	0.251769517182084
(0,313)	0.2868225124378951
(0,314)	0.342124379867577
(0,315)	0.3998145867536767
(0,316)	0.4410904199268374
(0,317)	0.4599407065176402
(0,318)	0.4597865680020463
(0,319)	0.4469803259670957
(0,320)	0.4228634069981421
(0,321)	0.3494264065843225
(0,322)	0.2907451359872249
(0,323)	0.2742111053866195
(0,324)	0.2712993648375601
(0,325)	0.2714528682809449
(0,326)	0.2714860005316494
(0,327)	0.2774171240604331
(0,328)	0.2825327408539794
(0,329)	0.2855073909635146
(0,330)	0.2852007066603965
(0,331)	0.2840971998922472
(0,332)	0.2811952003910055
(0,333)	0.2737228418454711
(0,334)	0.2633488332948151
(0,335)	0.2516929371112103
(0,336)	0.2644528780997779
(0,337)	0.3179610717475623
(0,338)	0.3680364248250797
(0,339)	0.3740798492498971
(0,340)	0.3550730545208669
(0,341)	0.3300265923235241
(0,342)	0.3070225305380319
(0,343)	0.2920394537626705
(0,344)	0.2769049409194219
(0,345)	0.2321533494563006
(0,346)	0.1859187942593649
(0,347)	0.1670243406101118
(0,348)	0.1633435789891669
(0,349)	0.1684777603832661
(0,350)	0.179930210840134
(0,351)	0.1925134367960763
(0,352)	0.2066550610106689
(0,353)	0.2333754586137735
(0,354)	0.2574519213941908
(0,355)	0.2631212847012671
(0,356)	0.2588625256370692
(0,357)	0.2405493826231374
(0,358)	0.2092501252120463
(0,359)	0.1943208517596527
(0,360)	0.1997853900374405
(0,361)	0.2012956063859808
(0,362)	0.2361521671351196
(0,363)	0.2821348972796335
(0,364)	0.3272411223369165
(0,365)	0.3634167665937186
(0,366)	0.3892185620321715
(0,367)	0.4038259935599678
(0,368)	0.4019411558352458
(0,369)	0.3643546179558219
(0,370)	0.3064584685443285
(0,371)	0.2462667851166356
(0,372)	0.1985769511849913
(0,373)	0.1886065808934802
(0,374)	0.2040617044709375
(0,375)	0.2293094729888235
(0,376)	0.2583728704321772
(0,377)	0.2892141548573209
(0,378)	0.3193923828611078
(0,379)	0.3427190767757306
(0,380)	0.3533188541835423
(0,381)	0.3492818218722444
(0,382)	0.3317067292436041
(0,383)	0.308462085868246
(0,384)	0.3225758230238894
(0,385)	0.3562902877061083
(0,386)	0.3831758764069847
(0,387)	0.3942652333517589
(0,388)	0.3995034752560713
(0,389)	0.4039810930127203
(0,390)	0.4053480604209964
(0,391)	0.3968790771656678
(0,392)	0.3735233110039021
(0,393)	0.2808680815759655
(0,394)	0.2206791312807539
(0,395)	0.2155851820907601
(0,396)	0.2282612428576211
(0,397)	0.2542625038873836
(0,398)	0.2834378981963455
(0,399)	0.3075635087597504
(0,400)	0.3296127944413502
(0,401)	0.3458148819512366
(0,402)	0.3645164907324091
(0,403)	0.3880662213725389
(0,404)	0.4119916000443247
(0,405)	0.4206914068180619
(0,406)	0.4099553706127775
(0,407)	0.3956389355470531
(0,408)	0.4075462668098546
(0,409)	0.4364423362163395
(0,410)	0.453418046766326
(0,411)	0.4545297307656537
(0,412)	0.4493604676831932
(0,413)	0.4447463524614474
(0,414)	0.4435096615819858
(0,415)	0.4422031728470708
(0,416)	0.4341814245715415
(0,417)	0.3628121778006592
(0,418)	0.3120295613172624
(0,419)	0.2983861378931963
(0,420)	0.2998604673123267
(0,421)	0.3123681596781017
(0,422)	0.3563781506923911
(0,423)	0.4799431009615869
(0,424)	0.6046715285668638
(0,425)	0.6601520514622168
(0,426)	0.6967447775311029
(0,427)	0.729348097557887
(0,428)	0.7314850298023816
(0,429)	0.7267186226578544
(0,430)	0.7180921385398765
(0,431)	0.6972082362649553
(0,432)	0.645667065214701
(0,433)	0.6709590274151287
(0,434)	0.664351288786226
(0,435)	0.6442920827327172
(0,436)	0.6263765349090331
(0,437)	0.6148775383826688
(0,438)	0.6008433855093737
(0,439)	0.5762717602641374
(0,440)	0.5310417707875031
(0,441)	0.41588636858682
(0,442)	0.3025326563075417
(0,443)	0.2535753441092459
(0,444)	0.2296296502891376
(0,445)	0.2172840294245211
(0,446)	0.2288065198479905
(0,447)	0.2520651499837765
(0,448)	0.2779770391649645
(0,449)	0.3026517929358391
(0,450)	0.3238882104661427
(0,451)	0.341836059308323
(0,452)	0.3619182883862446
(0,453)	0.3726525306341122
(0,454)	0.3734443771767642
(0,455)	0.3721000030030006
(0,456)	0.3847612798501097
(0,457)	0.4076817259072025
(0,458)	0.4240411896996217
(0,459)	0.4347160340421566
(0,460)	0.4326812262535978
(0,461)	0.4212741356352966
(0,462)	0.4047788019395311
(0,463)	0.3808975063548715
(0,464)	0.3510210087925816
(0,465)	0.2646903272262051
(0,466)	0.2179780435984791
(0,467)	0.2005568782913662
(0,468)	0.1908392491202054
(0,469)	0.1856597025971145
(0,470)	0.1861130318189632
(0,471)	0.1856549198597646
(0,472)	0.1826651108692876
(0,473)	0.1844134613411887
(0,474)	0.1940771521831484
(0,475)	0.204778325918454
(0,476)	0.2160215906855044
(0,477)	0.2238427276634268
(0,478)	0.2296169455361344
(0,479)	0.2358416870708675
(0,480)	0.2511204187448633
(0,481)	0.2836596910953883
(0,482)	0.3135854430294692
(0,483)	0.32794228650921
(0,484)	0.3285180482000232
(0,485)	0.32402100731918
(0,486)	0.3204080038901556
(0,487)	0.3167518992036881
(0,488)	0.3110391562943743
(0,489)	0.2683702864983734
(0,490)	0.241140195871734
(0,491)	0.2381559638140321
(0,492)	0.2391520419074122
(0,493)	0.2322412420863038
(0,494)	0.2185835833903864
(0,495)	0.1980894413384776
(0,496)	0.1788245849232009
(0,497)	0.1660110849158804
(0,498)	0.16371681573775
(0,499)	0.1675470712084941
(0,500)	0.1671895181189345
(0,501)	0.168806462051236
(0,502)	0.1673633531904735
(0,503)	0.1665121489501975
(1,0)	0.9637438851183923
(1,1)	0.8813133522072094
(1,2)	0.7821898923113521
(1,3)	0.745475462880659
(1,4)	0.7253824669618846
(1,5)	0.6990549783123635
(1,6)	0.6770829242454807
(1,7)	0.6581962600824676
(1,8)	0.6566644324575958
(1,9)	0.6984174729345685
(1,10)	0.6915097613067013
(1,11)	0.6664248788231221
(1,12)	0.6430655236181906
(1,13)	0.613477403969249
(1,14)	0.5818698189256718
(1,15)	0.5671126337677431
(1,16)	0.5447112935843083
(1,17)	0.5229536924381205
(1,18)	0.501957940457833
(1,19)	0.4843572828749496
(1,20)	0.4783534239227615
(1,21)	0.4834463009363661
(1,22)	0.4919867441918326
(1,23)	0.5110411295929315
(1,24)	0.5079225228130879
(1,25)	0.4501271234958171
(1,26)	0.3828005007983653
(1,27)	0.338698183009105
(1,28)	0.3080421261852872
(1,29)	0.2793181074001382
(1,30)	0.2617742840296613
(1,31)	0.2608652265486703
(1,32)	0.291136652607408
(1,33)	0.3805124510030961
(1,34)	0.4334111219422237
(1,35)	0.434223541447939
(1,36)	0.4073542652452913
(1,37)	0.3734066860572478
(1,38)	0.3394049656417024
(1,39)	0.3133069075704579
(1,40)	0.294557450654218
(1,41)	0.2825186384246686
(1,42)	0.2763879672748322
(1,43)	0.2745650773318569
(1,44)	0.2789364253536493
(1,45)	0.2889336007644283
(1,46)	0.304626633384076
(1,47)	0.3266075436762322
(1,48)	0.3149626468852232
(1,49)	0.2560878182833995
(1,50)	0.2138170223960198
(1,51)	0.1971172223220534
(1,52)	0.1891865883611393
(1,53)	0.1859526885113954
(1,54)	0.1920443884668687
(1,55)	0.2087408947948806
(1,56)	0.2499739607039856
(1,57)	0.3548806937450482
(1,58)	0.3988474916219426
(1,59)	0.3961629045720511
(1,60)	0.3805555734061012
(1,61)	0.3659288820717893
(1,62)	0.3471969854556132
(1,63)	0.3241298076876958
(1,64)	0.3023336678003016
(1,65)	0.2879782122357274
(1,66)	0.2782454035428761
(1,67)	0.2775964595900439
(1,68)	0.2846071910230952
(1,69)	0.2951440956463201
(1,70)	0.306636314259707
(1,71)	0.3270277555633084
(1,72)	0.3733287364680399
(1,73)	0.3772004640420228
(1,74)	0.3722159197137005
(1,75)	0.3389955364673573
(1,76)	0.3145900657121581
(1,77)	0.3013466574556869
(1,78)	0.2925262909742952
(1,79)	0.289468831848039
(1,80)	0.2944303407785012
(1,81)	0.365624489739211
(1,82)	0.4035050288817302
(1,83)	0.412348640063376
(1,84)	0.4083876962330083
(1,85)	0.3769826980029039
(1,86)	0.3358328830429739
(1,87)	0.3095938581714706
(1,88)	0.3016863005737506
(1,89)	0.3004608690496319
(1,90)	0.2967976872874611
(1,91)	0.2956811502031138
(1,92)	0.3000488810956001
(1,93)	0.3123925004674317
(1,94)	0.3253054419942955
(1,95)	0.345264206152577
(1,96)	0.3489196205312559
(1,97)	0.3154118152911932
(1,98)	0.3035714972518219
(1,99)	0.2888926134303613
(1,100)	0.2770226187373766
(1,101)	0.2723234863052706
(1,102)	0.2758504266683143
(1,103)	0.2905021857224007
(1,104)	0.3437634923606158
(1,105)	0.4590068685482479
(1,106)	0.4950711099490783
(1,107)	0.480951871212539
(1,108)	0.4470702453767217
(1,109)	0.4291390151741556
(1,110)	0.4086932656343313
(1,111)	0.3753261849434083
(1,112)	0.3436049836692893
(1,113)	0.336725104806976
(1,114)	0.3281213752161416
(1,115)	0.3130676737632638
(1,116)	0.3024592838847562
(1,117)	0.303732397218832
(1,118)	0.3212370726876457
(1,119)	0.3545652203467642
(1,120)	0.3582634093079944
(1,121)	0.309112122411788
(1,122)	0.276915578699368
(1,123)	0.2676442890932083
(1,124)	0.2674538549073486
(1,125)	0.2772625710206641
(1,126)	0.3024306880819114
(1,127)	0.335135734363613
(1,128)	0.3837897065109468
(1,129)	0.4837887825938614
(1,130)	0.5135749063306073
(1,131)	0.5035356985239934
(1,132)	0.4611062082852055
(1,133)	0.4188529048676959
(1,134)	0.4044577646196509
(1,135)	0.3887703369654526
(1,136)	0.3741165259984766
(1,137)	0.363526204496591
(1,138)	0.3595862490190566
(1,139)	0.3583900316822311
(1,140)	0.3621129310377025
(1,141)	0.3650154272587668
(1,142)	0.3739597057218636
(1,143)	0.3861155650868903
(1,144)	0.4285410835520178
(1,145)	0.4416464988423047
(1,146)	0.4190565307718005
(1,147)	0.3798008025253702
(1,148)	0.3550461502169273
(1,149)	0.3375355066166152
(1,150)	0.3286833029335713
(1,151)	0.3341076873629946
(1,152)	0.3513209089476529
(1,153)	0.4281789235759064
(1,154)	0.46948776268647
(1,155)	0.4569913733243391
(1,156)	0.4197907028805624
(1,157)	0.3930894640941525
(1,158)	0.3846957658681855
(1,159)	0.3960021977494217
(1,160)	0.4080528364302463
(1,161)	0.4051945292769729
(1,162)	0.4006856459294638
(1,163)	0.3991556647095432
(1,164)	0.399494717619113
(1,165)	0.3894047254647728
(1,166)	0.3783128596213329
(1,167)	0.3812128674404633
(1,168)	0.3566654316717334
(1,169)	0.3361799351955126
(1,170)	0.3291194345011069
(1,171)	0.3323714678589948
(1,172)	0.3447506197578819
(1,173)	0.3561820728736967
(1,174)	0.3544258283921248
(1,175)	0.3435541538699139
(1,176)	0.348779502869195
(1,177)	0.445812953153707
(1,178)	0.5167256224542971
(1,179)	0.5179964419120787
(1,180)	0.5060336341165844
(1,181)	0.4703056557126138
(1,182)	0.4408980850383895
(1,183)	0.4224845273043497
(1,184)	0.4244460650750296
(1,185)	0.4195995294706364
(1,186)	0.4056306309542348
(1,187)	0.380393909686785
(1,188)	0.3464848877011255
(1,189)	0.299801825136251
(1,190)	0.2505490180920132
(1,191)	0.2212255151624592
(1,192)	0.1837306786613894
(1,193)	0.1443303592295596
(1,194)	0.1278036307956846
(1,195)	0.1213414102133476
(1,196)	0.1211547448862446
(1,197)	0.1260757001265934
(1,198)	0.1338872525905168
(1,199)	0.1450628090143551
(1,200)	0.1623339277547639
(1,201)	0.2055051323785238
(1,202)	0.2369992029814617
(1,203)	0.2377869985580933
(1,204)	0.2298453204990577
(1,205)	0.2228579716460378
(1,206)	0.2090464588905763
(1,207)	0.1908953924595774
(1,208)	0.1823224761090443
(1,209)	0.1822812665973132
(1,210)	0.1903468011811976
(1,211)	0.2049190552136994
(1,212)	0.2204479610253932
(1,213)	0.233798063195395
(1,214)	0.2482859815772219
(1,215)	0.2556635556334805
(1,216)	0.2940375108667324
(1,217)	0.2540447666532987
(1,218)	0.2217793602900728
(1,219)	0.2024573592020003
(1,220)	0.1992814015085692
(1,221)	0.1992013895304558
(1,222)	0.2034883600563848
(1,223)	0.2066650885347908
(1,224)	0.2142108460034039
(1,225)	0.2662701923875589
(1,226)	0.3209464258756941
(1,227)	0.3338428517807958
(1,228)	0.3537941071705098
(1,229)	0.3715157556588103
(1,230)	0.3853617966002339
(1,231)	0.3981088871870813
(1,232)	0.4045366859984866
(1,233)	0.407544555774738
(1,234)	0.4114581998608033
(1,235)	0.4161808137154966
(1,236)	0.4304976918261648
(1,237)	0.4480120257239743
(1,238)	0.467303572593598
(1,239)	0.4826481753605069
(1,240)	0.4353187623165279
(1,241)	0.3673540683607539
(1,242)	0.3210041050916487
(1,243)	0.3004973961225528
(1,244)	0.2980033822195879
(1,245)	0.2997324927013114
(1,246)	0.3056790979594886
(1,247)	0.3133573296919673
(1,248)	0.3251217203805709
(1,249)	0.3988108799696519
(1,250)	0.4548753815739208
(1,251)	0.4462070013958546
(1,252)	0.4185230473220058
(1,253)	0.3963769859006733
(1,254)	0.3753484520301136
(1,255)	0.3577812516740697
(1,256)	0.34865801831847
(1,257)	0.3469970398220071
(1,258)	0.3464201348396259
(1,259)	0.3466650945231456
(1,260)	0.3534912954127085
(1,261)	0.3622414656564051
(1,262)	0.3711473531768874
(1,263)	0.3865126946538089
(1,264)	0.3637452714935316
(1,265)	0.3137276733621698
(1,266)	0.2807109422805041
(1,267)	0.2812656166331479
(1,268)	0.2934247541447433
(1,269)	0.3062597331460578
(1,270)	0.320026070713294
(1,271)	0.3325741481356983
(1,272)	0.347536438133931
(1,273)	0.4353374050385515
(1,274)	0.4859523056984257
(1,275)	0.4720267522252688
(1,276)	0.447734075700697
(1,277)	0.4297786697769367
(1,278)	0.4077361303330391
(1,279)	0.3793681570159119
(1,280)	0.3485966163090316
(1,281)	0.3267290915661248
(1,282)	0.3098887353658108
(1,283)	0.2930186575446322
(1,284)	0.2810021128884341
(1,285)	0.2828477002201342
(1,286)	0.3001746252426489
(1,287)	0.3120136057408269
(1,288)	0.3217476001096602
(1,289)	0.2501749583872706
(1,290)	0.1979573422423675
(1,291)	0.1699697877330908
(1,292)	0.1603661368088142
(1,293)	0.1553033099584992
(1,294)	0.156575849435127
(1,295)	0.1633822311246358
(1,296)	0.1749443758153916
(1,297)	0.2550908128374884
(1,298)	0.3220670659931748
(1,299)	0.3318506685339274
(1,300)	0.335779814919918
(1,301)	0.3458801754855442
(1,302)	0.3604363911213398
(1,303)	0.3872949872101032
(1,304)	0.4152195385867412
(1,305)	0.4246795934306689
(1,306)	0.413979076539769
(1,307)	0.4076730523665209
(1,308)	0.4180480033420537
(1,309)	0.4418785197931515
(1,310)	0.4659850049231413
(1,311)	0.489194848623816
(1,312)	0.4574040515790059
(1,313)	0.3945685024365612
(1,314)	0.3495428395939268
(1,315)	0.3220206564988399
(1,316)	0.3112970203632563
(1,317)	0.3097761037145306
(1,318)	0.3169299996826128
(1,319)	0.3289073432034116
(1,320)	0.3394241583474397
(1,321)	0.4154611997588247
(1,322)	0.4832807299846284
(1,323)	0.4890846269434274
(1,324)	0.4808851157904694
(1,325)	0.4548151035288576
(1,326)	0.4098067153865644
(1,327)	0.3713525874037584
(1,328)	0.3593842155475802
(1,329)	0.3545616070350707
(1,330)	0.3530181081293961
(1,331)	0.3503284216483238
(1,332)	0.3500801465440189
(1,333)	0.3563265470350838
(1,334)	0.3723682990501974
(1,335)	0.3951377710778767
(1,336)	0.3563397581261775
(1,337)	0.3058874140682961
(1,338)	0.298673194946976
(1,339)	0.3347922462969455
(1,340)	0.3848144870838734
(1,341)	0.4304168303234327
(1,342)	0.4682080057101991
(1,343)	0.497628623985959
(1,344)	0.5279583960004595
(1,345)	0.6020759256762271
(1,346)	0.6679502433383393
(1,347)	0.6789005677397391
(1,348)	0.6631887965447876
(1,349)	0.6552041685550425
(1,350)	0.6440807862489533
(1,351)	0.6401093619769621
(1,352)	0.6347594128010314
(1,353)	0.5872124688875971
(1,354)	0.5610799745396156
(1,355)	0.5604700814811633
(1,356)	0.5541732104755749
(1,357)	0.5515994902360487
(1,358)	0.5570232367036307
(1,359)	0.5327399696940089
(1,360)	0.5519029648934034
(1,361)	0.5441747706195539
(1,362)	0.4945679330730216
(1,363)	0.4609485468077812
(1,364)	0.4288217828162371
(1,365)	0.4069156667899141
(1,366)	0.3927922409591666
(1,367)	0.3848471963288245
(1,368)	0.395494672484715
(1,369)	0.4502382629649612
(1,370)	0.4920569669057558
(1,371)	0.4962970297611859
(1,372)	0.4996936507773169
(1,373)	0.484306542523229
(1,374)	0.4627974533730589
(1,375)	0.429586344644541
(1,376)	0.3939550063107112
(1,377)	0.3805120907032867
(1,378)	0.3747623870578625
(1,379)	0.3771830766389409
(1,380)	0.3920860813683796
(1,381)	0.4157484885189595
(1,382)	0.4488968903558389
(1,383)	0.4809167990102783
(1,384)	0.4493863576884119
(1,385)	0.3877526253707865
(1,386)	0.3519832231253642
(1,387)	0.3479809821336828
(1,388)	0.3505346611200569
(1,389)	0.3494311928589925
(1,390)	0.3503029694773386
(1,391)	0.3581982928065677
(1,392)	0.3767516590345003
(1,393)	0.4989898014287203
(1,394)	0.5545614043907199
(1,395)	0.5335848376460368
(1,396)	0.5015232345466452
(1,397)	0.44674974874589
(1,398)	0.3880885890285233
(1,399)	0.3299015418993105
(1,400)	0.2882392239984786
(1,401)	0.2695516200095893
(1,402)	0.2624909893387321
(1,403)	0.2585820428051942
(1,404)	0.2649068492258961
(1,405)	0.2815669348097009
(1,406)	0.3031880047772712
(1,407)	0.3282498200707298
(1,408)	0.2973569398358715
(1,409)	0.2415578821392051
(1,410)	0.2175316581334784
(1,411)	0.2156037698181949
(1,412)	0.2297129048500189
(1,413)	0.2494788088419324
(1,414)	0.2663244615648631
(1,415)	0.2805689659802697
(1,416)	0.2991875108743668
(1,417)	0.4155448415415673
(1,418)	0.4765250751494767
(1,419)	0.4723270958820826
(1,420)	0.4516412367137856
(1,421)	0.4160851534117331
(1,422)	0.3518748257919296
(1,423)	0.2634019199698207
(1,424)	0.1898037620844003
(1,425)	0.1598364319984891
(1,426)	0.1510120838740603
(1,427)	0.1567592852726264
(1,428)	0.1680675339737754
(1,429)	0.1749491695105181
(1,430)	0.185404457867294
(1,431)	0.2037273137731693
(1,432)	0.2439902367927225
(1,433)	0.1950496349329924
(1,434)	0.1856776837733189
(1,435)	0.1954104514048925
(1,436)	0.213691438368503
(1,437)	0.2297970803391564
(1,438)	0.2458239314683785
(1,439)	0.2594948142585548
(1,440)	0.2895498408414601
(1,441)	0.3972816168117713
(1,442)	0.4950817677040398
(1,443)	0.531366823975788
(1,444)	0.5384550169353239
(1,445)	0.539452703161328
(1,446)	0.5157628160199358
(1,447)	0.4733002720780631
(1,448)	0.4367224675988843
(1,449)	0.4106357649197578
(1,450)	0.3961066753530296
(1,451)	0.3817476374875076
(1,452)	0.3695207689295755
(1,453)	0.3708734642355109
(1,454)	0.3788430398241578
(1,455)	0.3869710586501264
(1,456)	0.3605174793207163
(1,457)	0.3090816813640515
(1,458)	0.2855433656738334
(1,459)	0.2879516834104351
(1,460)	0.3048194351011477
(1,461)	0.3251905317473595
(1,462)	0.3512806451617865
(1,463)	0.3791074409945284
(1,464)	0.4082793389519417
(1,465)	0.5214351649366576
(1,466)	0.5551438576382505
(1,467)	0.5392160550902927
(1,468)	0.5032697843459146
(1,469)	0.4692004509079339
(1,470)	0.4446297300087155
(1,471)	0.4052986595030852
(1,472)	0.3701728744507088
(1,473)	0.3479469195927524
(1,474)	0.3417306995280867
(1,475)	0.3447364605267658
(1,476)	0.357155076184503
(1,477)	0.3719145818346844
(1,478)	0.3887177170396419
(1,479)	0.4002325564569867
(1,480)	0.3683533656180506
(1,481)	0.3028156510801692
(1,482)	0.2665250474288581
(1,483)	0.2572344752242515
(1,484)	0.2673771659687836
(1,485)	0.2873662806362866
(1,486)	0.3101361737131844
(1,487)	0.331534042074602
(1,488)	0.3498053139850834
(1,489)	0.4464663112601914
(1,490)	0.4879823676770305
(1,491)	0.4840621828599624
(1,492)	0.4754773776359852
(1,493)	0.4422648870179376
(1,494)	0.4287796585195602
(1,495)	0.4142997608976373
(1,496)	0.3889733953084984
(1,497)	0.3666126402705518
(1,498)	0.355652257774955
(1,499)	0.3568186484114714
(1,500)	0.3634858410758986
(1,501)	0.3797091870471169
(1,502)	0.4032936994723954
(1,503)	0.4256537920768213
(2,0)	0.0121618283462971
(2,1)	0.0297519702925544
(2,2)	0.05176413239696139
(2,3)	0.0703496628037447
(2,4)	0.08758527912739726
(2,5)	0.09886048699074872
(2,6)	0.1086361345063998
(2,7)	0.121058734567848
(2,8)	0.1313632851607521
(2,9)	0.1146259673858612
(2,10)	0.1092961064626673
(2,11)	0.1053296907496566
(2,12)	0.08565293926474903
(2,13)	0.06207504100232328
(2,14)	0.0553710437287669
(2,15)	0.06292887886939315
(2,16)	0.07509610926312307
(2,17)	0.08320205068386556
(2,18)	0.09145534407085243
(2,19)	0.09512481903358226
(2,20)	0.09139391316375044
(2,21)	0.08483743094481569
(2,22)	0.07900589495855714
(2,23)	0.07404937826686556
(2,24)	0.07070346328156921
(2,25)	0.06726369640263251
(2,26)	0.06303913002517592
(2,27)	0.05518578756303456
(2,28)	0.04385337989918934
(2,29)	0.03755246153951617
(2,30)	0.03971058911135025
(2,31)	0.04611326399700188
(2,32)	0.04981856008343265
(2,33)	0.04981875580181412
(2,34)	0.05078245847309209
(2,35)	0.04501232200186244
(2,36)	0.03795531114244546
(2,37)	0.0413021408495503
(2,38)	0.05784799858141164
(2,39)	0.070592804999368
(2,40)	0.07547307825163442
(2,41)	0.07588304216920792
(2,42)	0.0737233640950288
(2,43)	0.07157295903549213
(2,44)	0.06786549302068191
(2,45)	0.06398145643881292
(2,46)	0.06105439797711063
(2,47)	0.05989266263770484
(2,48)	0.06057127305600567
(2,49)	0.05589659250782068
(2,50)	0.04663684087507152
(2,51)	0.03663185216922606
(2,52)	0.02739256674065302
(2,53)	0.02056302158550448
(2,54)	0.01815081625086274
(2,55)	0.01876108737439895
(2,56)	0.02225104653369349
(2,57)	0.02649787401222811
(2,58)	0.0299884874418806
(2,59)	0.02808758503193641
(2,60)	0.02495852764653535
(2,61)	0.02436472117414124
(2,62)	0.02633002179041576
(2,63)	0.03023828801765084
(2,64)	0.03707952889716133
(2,65)	0.04424397107638791
(2,66)	0.04783217718491658
(2,67)	0.04945311570806985
(2,68)	0.04986579177632488
(2,69)	0.04756196312266738
(2,70)	0.04437499866321942
(2,71)	0.04221375447315424
(2,72)	0.03793797182726481
(2,73)	0.03394982136426488
(2,74)	0.02890235927597832
(2,75)	0.02363185689010928
(2,76)	0.01863217762987212
(2,77)	0.01497332231147533
(2,78)	0.01276351202227604
(2,79)	0.01061547379120337
(2,80)	0.007141214346052766
(2,81)	0.003256209654744359
(2,82)	0.0008334331297508495
(2,83)	0.0001571263251889204
(2,84)	0.0004597616982911058
(2,85)	0.001225420228856486
(2,86)	0.002396268278055772
(2,87)	0.003504261217090565
(2,88)	0.004110049703823141
(2,89)	0.004764319902306019
(2,90)	0.006634860184124306
(2,91)	0.009339166455507576
(2,92)	0.01447967824022014
(2,93)	0.02278352100286883
(2,94)	0.03264393383117859
(2,95)	0.04214093545043644
(2,96)	0.05376966156234644
(2,97)	0.05484577086595799
(2,98)	0.04511525432437676
(2,99)	0.04375414998697639
(2,100)	0.04840863309975996
(2,101)	0.04941323156705079
(2,102)	0.04808769201655408
(2,103)	0.04803339980830099
(2,104)	0.05067415698306871
(2,105)	0.04653328021389402
(2,106)	0.04142257709745226
(2,107)	0.03880927686120306
(2,108)	0.03235366692039273
(2,109)	0.02057940143588867
(2,110)	0.02071460825182941
(2,111)	0.03128362399214222
(2,112)	0.048668580369142
(2,113)	0.06241456959411742
(2,114)	0.06959405375943174
(2,115)	0.07326933924589649
(2,116)	0.06995839808891095
(2,117)	0.06612493378252504
(2,118)	0.0695475680626754
(2,119)	0.07399241497174541
(2,120)	0.07581663762281941
(2,121)	0.07213017693472998
(2,122)	0.05290203711028049
(2,123)	0.03535720743794982
(2,124)	0.0222782391949766
(2,125)	0.01508503771655631
(2,126)	0.0101547930377533
(2,127)	0.007031724497864033
(2,128)	0.005622846748995907
(2,129)	0.004519994125018952
(2,130)	0.002160450434666606
(2,131)	0.0005758021143316848
(2,132)	0.0008356739712653158
(2,133)	0.0007555313344591845
(2,134)	0.0002560005422611829
(2,135)	0.0005463393401659331
(2,136)	0.002190474716733742
(2,137)	0.006877429655884592
(2,138)	0.01458041110305189
(2,139)	0.02842785933777228
(2,140)	0.04397391793879114
(2,141)	0.0554604418965586
(2,142)	0.06218606324348236
(2,143)	0.0675000781052759
(2,144)	0.06106146686099893
(2,145)	0.04924656379710014
(2,146)	0.0362776131422421
(2,147)	0.02253501436307122
(2,148)	0.0102651809470095
(2,149)	0.006678921424346919
(2,150)	0.007392471382805891
(2,151)	0.008096136287665139
(2,152)	0.00899114492428151
(2,153)	0.01011944590281982
(2,154)	0.007212742320101683
(2,155)	0.001866746184723093
(2,156)	0.002644137622242128
(2,157)	0.004142965620265959
(2,158)	0.004768853295249501
(2,159)	0.004031049284915246
(2,160)	0.003386080063016265
(2,161)	0.003681045471400845
(2,162)	0.005792038543480796
(2,163)	0.01336457424930851
(2,164)	0.02956249135452785
(2,165)	0.04353549268383129
(2,166)	0.05288336289306553
(2,167)	0.06346228793016259
(2,168)	0.073436386760469
(2,169)	0.06138266703199118
(2,170)	0.04263665172638286
(2,171)	0.03724646554039886
(2,172)	0.03672039023459452
(2,173)	0.03791727345824746
(2,174)	0.04014271947439958
(2,175)	0.04262058644326176
(2,176)	0.0436292560684017
(2,177)	0.04144018963414622
(2,178)	0.03984609294422532
(2,179)	0.03932831239905866
(2,180)	0.03502838004154461
(2,181)	0.02530299487469894
(2,182)	0.01962504098541484
(2,183)	0.01915816762825192
(2,184)	0.02096264506064286
(2,185)	0.02914502974370289
(2,186)	0.04137474969153775
(2,187)	0.05518121902485131
(2,188)	0.06734081947358569
(2,189)	0.07365029232490516
(2,190)	0.07669638227648028
(2,191)	0.07549470448823327
(2,192)	0.07445084742086895
(2,193)	0.07467275303744403
(2,194)	0.07240652388432482
(2,195)	0.06805922322625552
(2,196)	0.06456520207716016
(2,197)	0.06088997546096177
(2,198)	0.05779844130035274
(2,199)	0.05534342631942904
(2,200)	0.0558589257530886
(2,201)	0.05912396375964742
(2,202)	0.06296049712256899
(2,203)	0.06316513353438254
(2,204)	0.06470972466516045
(2,205)	0.070700231684131
(2,206)	0.07964027125486652
(2,207)	0.08800797143054061
(2,208)	0.09151178082930954
(2,209)	0.09295713183108956
(2,210)	0.09377416972167399
(2,211)	0.0936353488641543
(2,212)	0.0951247009132359
(2,213)	0.0994092366596072
(2,214)	0.1065810685728563
(2,215)	0.1152188319141466
(2,216)	0.1049093007229511
(2,217)	0.1138971163415334
(2,218)	0.1216821853823298
(2,219)	0.1239388370081329
(2,220)	0.1187043635802817
(2,221)	0.1078741924463863
(2,222)	0.0945187427070053
(2,223)	0.08605429719411926
(2,224)	0.08249265424801305
(2,225)	0.07748259513340644
(2,226)	0.07908501046167632
(2,227)	0.07743584278169231
(2,228)	0.06133801433385262
(2,229)	0.04988072082780853
(2,230)	0.05825868052167028
(2,231)	0.07673958654534757
(2,232)	0.1008186950669826
(2,233)	0.1208879934383948
(2,234)	0.130181752245375
(2,235)	0.1325940569701334
(2,236)	0.1292349871763688
(2,237)	0.1235126559779021
(2,238)	0.1139385675855208
(2,239)	0.104642226492348
(2,240)	0.1063806155139641
(2,241)	0.1022510213555647
(2,242)	0.09498077025009508
(2,243)	0.08636593979505551
(2,244)	0.08200602077213569
(2,245)	0.07532404586955253
(2,246)	0.06843562867933939
(2,247)	0.06472204615513075
(2,248)	0.0587616616735195
(2,249)	0.05247935904756965
(2,250)	0.05309297996836976
(2,251)	0.05446876075287323
(2,252)	0.05658654937336974
(2,253)	0.05524041396092298
(2,254)	0.05260145860055197
(2,255)	0.05681289668636535
(2,256)	0.06357192008584964
(2,257)	0.06990940442390704
(2,258)	0.07428786011172914
(2,259)	0.07781528836891773
(2,260)	0.08492823649354779
(2,261)	0.09361638002619189
(2,262)	0.1005917825102056
(2,263)	0.1020756205537179
(2,264)	0.102775312156016
(2,265)	0.09394663245581321
(2,266)	0.08612375078070113
(2,267)	0.08633555866101603
(2,268)	0.0900877973414804
(2,269)	0.09357676540377198
(2,270)	0.09663914142168389
(2,271)	0.1016244809273862
(2,272)	0.1065485481194566
(2,273)	0.09767306244162155
(2,274)	0.09323935812766966
(2,275)	0.08871893380120162
(2,276)	0.08798452385051349
(2,277)	0.08948359622681441
(2,278)	0.0903379394297459
(2,279)	0.09062006089110873
(2,280)	0.08682381737056744
(2,281)	0.08937713659527001
(2,282)	0.09903364001705878
(2,283)	0.1069479995559369
(2,284)	0.1176663218421391
(2,285)	0.123694539632091
(2,286)	0.1174492475831962
(2,287)	0.101433731030838
(2,288)	0.09042214286585147
(2,289)	0.09832748591441638
(2,290)	0.1081795759657878
(2,291)	0.1107134935590227
(2,292)	0.1050705735418682
(2,293)	0.09509297786313044
(2,294)	0.07901655320286942
(2,295)	0.07153759584166917
(2,296)	0.07067836806366254
(2,297)	0.07401250829036034
(2,298)	0.08703727796622449
(2,299)	0.1005330101538529
(2,300)	0.1111565847868162
(2,301)	0.1153267684838151
(2,302)	0.1086327269467909
(2,303)	0.1005839283349916
(2,304)	0.1042710347830582
(2,305)	0.1210801870622508
(2,306)	0.1461292051493443
(2,307)	0.1617522105614577
(2,308)	0.1604437341089248
(2,309)	0.1492152377548467
(2,310)	0.1369693714276284
(2,311)	0.1249501330298642
(2,312)	0.1219456361284727
(2,313)	0.1005327084317928
(2,314)	0.06224050764841064
(2,315)	0.03565997553879516
(2,316)	0.02162437773927233
(2,317)	0.01476490949986081
(2,318)	0.0108662401750205
(2,319)	0.007866159046929342
(2,320)	0.007466986722104337
(2,321)	0.005834619559501368
(2,322)	0.00511536129361724
(2,323)	0.005091988376306078
(2,324)	0.005123113113760595
(2,325)	0.004324390896100236
(2,326)	0.002736714298893853
(2,327)	0.002049633615164848
(2,328)	0.001659023290325675
(2,329)	0.001405867390050925
(2,330)	0.00143425740579968
(2,331)	0.001719848709048144
(2,332)	0.002230388884135814
(2,333)	0.002899809399925415
(2,334)	0.003500392261068827
(2,335)	0.003644407920840741
(2,336)	0.004046441054112387
(2,337)	0.002591671342848248
(2,338)	0.001982129588560447
(2,339)	0.002452239073307932
(2,340)	0.00301034298462069
(2,341)	0.003717167755747387
(2,342)	0.004433401614951578
(2,343)	0.005968824280298777
(2,344)	0.008474041552301647
(2,345)	0.007957973129172357
(2,346)	0.004493244998090856
(2,347)	0.002891616685765335
(2,348)	0.002007741346247826
(2,349)	0.001827035479056601
(2,350)	0.001973571933336432
(2,351)	0.003073580408737914
(2,352)	0.02525921751537808
(2,353)	0.08295538527668539
(2,354)	0.1031073034150789
(2,355)	0.1049492917212503
(2,356)	0.1144845153471382
(2,357)	0.1205432276652079
(2,358)	0.1050969172008839
(2,359)	0.1073810006651452
(2,360)	0.1159786086101916
(2,361)	0.1360121290584028
(2,362)	0.1533511428105852
(2,363)	0.1632576155145209
(2,364)	0.1519296919659376
(2,365)	0.1300113294483635
(2,366)	0.11541600393243
(2,367)	0.1139171227137846
(2,368)	0.1135928221546666
(2,369)	0.1099207357920543
(2,370)	0.1275420329923027
(2,371)	0.1662453962655838
(2,372)	0.1947374687182123
(2,373)	0.2025870429705758
(2,374)	0.2148176713674999
(2,375)	0.227546177109786
(2,376)	0.2300547821470947
(2,377)	0.2125465283732476
(2,378)	0.1862604996251573
(2,379)	0.1625820432157668
(2,380)	0.1450574298437377
(2,381)	0.1317205481016141
(2,382)	0.120043016757449
(2,383)	0.1118366140530542
(2,384)	0.1161537262606509
(2,385)	0.1229040433010156
(2,386)	0.1285278671328299
(2,387)	0.1394341799322188
(2,388)	0.1537832763533129
(2,389)	0.1694897337231048
(2,390)	0.1849367011028489
(2,391)	0.1964314027684451
(2,392)	0.2018341582045289
(2,393)	0.1661508625780663
(2,394)	0.1436026977164251
(2,395)	0.1280359995373402
(2,396)	0.1047093026142844
(2,397)	0.07815863106863417
(2,398)	0.05481389554363383
(2,399)	0.0413415233006964
(2,400)	0.04028822299272504
(2,401)	0.0427628028953576
(2,402)	0.04741782926695927
(2,403)	0.05446109507400076
(2,404)	0.05847414236267006
(2,405)	0.06195011647836929
(2,406)	0.06569867737497118
(2,407)	0.06975628576809384
(2,408)	0.07586627776895949
(2,409)	0.07188367745974983
(2,410)	0.06350361129557515
(2,411)	0.06586005712054407
(2,412)	0.0763090469239331
(2,413)	0.08832993249506778
(2,414)	0.1008616845485938
(2,415)	0.1145157398118792
(2,416)	0.1290140078812809
(2,417)	0.1214323501593892
(2,418)	0.1251670954620912
(2,419)	0.140246906760643
(2,420)	0.1455899811404989
(2,421)	0.1303333155566046
(2,422)	0.1165194986781774
(2,423)	0.08329140821052537
(2,424)	0.06467317203189668
(2,425)	0.05793178300564198
(2,426)	0.05212661340817558
(2,427)	0.052511595205079
(2,428)	0.05503907895707053
(2,429)	0.0596773260204429
(2,430)	0.06179386218430276
(2,431)	0.06187797641249964
(2,432)	0.06541249869866463
(2,433)	0.08008742256893257
(2,434)	0.09461153782697926
(2,435)	0.1036023325914877
(2,436)	0.09663854501779112
(2,437)	0.08271491590613009
(2,438)	0.07397456656558378
(2,439)	0.0740300355470854
(2,440)	0.07564703110847946
(2,441)	0.06968529208233136
(2,442)	0.06270045083082205
(2,443)	0.05736534530500195
(2,444)	0.05764877851941185
(2,445)	0.06500142746877308
(2,446)	0.08040886103435466
(2,447)	0.1016024803077677
(2,448)	0.1202254550363284
(2,449)	0.1338253386637978
(2,450)	0.1376727478066092
(2,451)	0.1369200790005378
(2,452)	0.1277161165908825
(2,453)	0.1113252480370656
(2,454)	0.1001207982526062
(2,455)	0.09565599603445445
(2,456)	0.09929452502255928
(2,457)	0.1009367119961032
(2,458)	0.08704421669893239
(2,459)	0.07296874673751205
(2,460)	0.06983900383676865
(2,461)	0.0717521404497963
(2,462)	0.07069363581474296
(2,463)	0.06854140469157791
(2,464)	0.06588094331983844
(2,465)	0.05437946079429429
(2,466)	0.04656160885556325
(2,467)	0.03340427332320323
(2,468)	0.02318366274875612
(2,469)	0.01438467887001051
(2,470)	0.009527685010284408
(2,471)	0.00943544052638293
(2,472)	0.0111860521064723
(2,473)	0.01087738183589423
(2,474)	0.007278562376064147
(2,475)	0.005935947031242697
(2,476)	0.008834696042821879
(2,477)	0.01660189688170149
(2,478)	0.02614127365408108
(2,479)	0.03778625290324607
(2,480)	0.05264811671956723
(2,481)	0.05712520817273675
(2,482)	0.05133920346775197
(2,483)	0.05182343484316896
(2,484)	0.05302972043973999
(2,485)	0.04651347996302234
(2,486)	0.03522652977613327
(2,487)	0.02481619704410779
(2,488)	0.0182678093829731
(2,489)	0.0111598906869153
(2,490)	0.006788070938075283
(2,491)	0.003853770177762608
(2,492)	0.002830709880081826
(2,493)	0.003255847386334459
(2,494)	0.003493577524805574
(2,495)	0.003246643906763394
(2,496)	0.002726550492421737
(2,497)	0.001717806807091023
(2,498)	0.001136552111873658
(2,499)	0.002054826707450772
(2,500)	0.006077450227534481
(2,501)	0.01015715616123057
(2,502)	0.01452960855445736
(2,503)	0.01820548182591464
(3,0)	0.02409427580260793
(3,1)	0.08893468866312512
(3,2)	0.1660290524773906
(3,3)	0.1836882699955878
(3,4)	0.1836028818269459
(3,5)	0.1917474370603372
(3,6)	0.1924114674724112
(3,7)	0.1835817094629921
(3,8)	0.1632343858205852
(3,9)	0.1425036491369526
(3,10)	0.1498737830450915
(3,11)	0.1559282282571667
(3,12)	0.1677985242791679
(3,13)	0.187012781920307
(3,14)	0.1917346808629339
(3,15)	0.1698598017081534
(3,16)	0.1546921838022204
(3,17)	0.1415363870611131
(3,18)	0.1273159392251366
(3,19)	0.1191631206756796
(3,20)	0.1120660223360626
(3,21)	0.1029525430035955
(3,22)	0.09820505793342188
(3,23)	0.09485987333810346
(3,24)	0.1046986203865836
(3,25)	0.1247631291297534
(3,26)	0.1316884324215188
(3,27)	0.1213469058424073
(3,28)	0.1064519342607112
(3,29)	0.08983692591390216
(3,30)	0.07349020702201613
(3,31)	0.06600329619567903
(3,32)	0.06482223710713775
(3,33)	0.07373538113847351
(3,34)	0.08174083538672955
(3,35)	0.08701579513208688
(3,36)	0.1003268505907001
(3,37)	0.09594499454487947
(3,38)	0.0760718587065173
(3,39)	0.06649763530826565
(3,40)	0.05964170761617337
(3,41)	0.05697628485406103
(3,42)	0.05625424322683818
(3,43)	0.05562367353335796
(3,44)	0.05309061657544194
(3,45)	0.05088059497312943
(3,46)	0.04983969721491174
(3,47)	0.05229912817976359
(3,48)	0.06458901534676711
(3,49)	0.0775428458708413
(3,50)	0.0770873098285403
(3,51)	0.07154063091954324
(3,52)	0.06796919787544799
(3,53)	0.06620482618798681
(3,54)	0.06231159264962564
(3,55)	0.06217268475084853
(3,56)	0.06642717128331661
(3,57)	0.07639437779637126
(3,58)	0.09271412600879482
(3,59)	0.1073402566010471
(3,60)	0.1157631768808669
(3,61)	0.1160099265404923
(3,62)	0.1100760186423139
(3,63)	0.1032617639337336
(3,64)	0.1025781325624046
(3,65)	0.1034143365475089
(3,66)	0.1085167386263269
(3,67)	0.1094648238872862
(3,68)	0.1067018966958395
(3,69)	0.1082390369414738
(3,70)	0.1050195555467848
(3,71)	0.0975080935792562
(3,72)	0.09387452847422126
(3,73)	0.0945432249223542
(3,74)	0.1007788042796325
(3,75)	0.1211673837671224
(3,76)	0.1341535785433524
(3,77)	0.1399674978148026
(3,78)	0.1444762485844853
(3,79)	0.1536391667727824
(3,80)	0.1622534931846658
(3,81)	0.1618926273830501
(3,82)	0.1666543744756944
(3,83)	0.1602924769223598
(3,84)	0.1505216558969726
(3,85)	0.1529688142401174
(3,86)	0.1624935901584122
(3,87)	0.16668931777996
(3,88)	0.1682668824211765
(3,89)	0.1683761452048645
(3,90)	0.1698463174073654
(3,91)	0.1700615244652174
(3,92)	0.1650432557506191
(3,93)	0.1453034076569457
(3,94)	0.1197460890647174
(3,95)	0.1005299181645287
(3,96)	0.09509107478578462
(3,97)	0.1015986294343595
(3,98)	0.1053187520095377
(3,99)	0.1089318900751935
(3,100)	0.1014306115805749
(3,101)	0.09958223068959331
(3,102)	0.1007652053668301
(3,103)	0.09729979446983915
(3,104)	0.08883144234627378
(3,105)	0.09356711023656439
(3,106)	0.1145048034683347
(3,107)	0.1427548647477329
(3,108)	0.1716692375089501
(3,109)	0.183844004245915
(3,110)	0.1847409451973677
(3,111)	0.1791713174865128
(3,112)	0.1589567759973931
(3,113)	0.1226625012008155
(3,114)	0.09699173184996548
(3,115)	0.0968520566303889
(3,116)	0.1143764964063409
(3,117)	0.1123174963194068
(3,118)	0.0962358862271535
(3,119)	0.07844111232285876
(3,120)	0.0815483951590093
(3,121)	0.1040249757780767
(3,122)	0.1225723656408559
(3,123)	0.1173216943924267
(3,124)	0.1092799289249577
(3,125)	0.1132484078988193
(3,126)	0.123843820087762
(3,127)	0.1378748411393804
(3,128)	0.1482365577135993
(3,129)	0.1409426974367054
(3,130)	0.1292937526596836
(3,131)	0.1133853418264235
(3,132)	0.1656030874816885
(3,133)	0.2415047428013322
(3,134)	0.2802393280379017
(3,135)	0.2978442825257284
(3,136)	0.2962751311543132
(3,137)	0.278880682273786
(3,138)	0.2589712479474069
(3,139)	0.2316781302212842
(3,140)	0.1905523631039285
(3,141)	0.1520889090078917
(3,142)	0.1230420494265603
(3,143)	0.1058218786717374
(3,144)	0.1025329819285078
(3,145)	0.1100877240673669
(3,146)	0.1372074012977405
(3,147)	0.1650897478273058
(3,148)	0.169957027184851
(3,149)	0.1657955608532169
(3,150)	0.1622553653658388
(3,151)	0.1563613379512709
(3,152)	0.1511296425572474
(3,153)	0.1382448477815779
(3,154)	0.1282548725919764
(3,155)	0.1230287314679649
(3,156)	0.1406719429400447
(3,157)	0.1846829469162912
(3,158)	0.2215748905220024
(3,159)	0.2396178731957249
(3,160)	0.2531868511267015
(3,161)	0.2596384521908242
(3,162)	0.253240166527277
(3,163)	0.228951433451833
(3,164)	0.1870347030614438
(3,165)	0.1459386217775962
(3,166)	0.1143386794222474
(3,167)	0.0967814547795819
(3,168)	0.112865876566488
(3,169)	0.1577056848675961
(3,170)	0.1912701863131586
(3,171)	0.1902347875925531
(3,172)	0.1691746585802383
(3,173)	0.1469222428568275
(3,174)	0.1350034952958203
(3,175)	0.1240348032524882
(3,176)	0.1131722593124475
(3,177)	0.09166695526817538
(3,178)	0.0826741063192009
(3,179)	0.08193323966608723
(3,180)	0.08432335813453927
(3,181)	0.1352977738715939
(3,182)	0.1932510288649995
(3,183)	0.2332007650421835
(3,184)	0.2432861107786259
(3,185)	0.2379457702338417
(3,186)	0.2224439792516314
(3,187)	0.2049595153518686
(3,188)	0.1655573962222597
(3,189)	0.10759475100635
(3,190)	0.0694006789204587
(3,191)	0.05243629974053469
(3,192)	0.05122488056701368
(3,193)	0.05082169308597448
(3,194)	0.04320632693998105
(3,195)	0.03860947237696857
(3,196)	0.03637837477924241
(3,197)	0.03449122762704728
(3,198)	0.03289333414286576
(3,199)	0.03233394879621224
(3,200)	0.03473046293442967
(3,201)	0.04239230034334442
(3,202)	0.05199208619654119
(3,203)	0.05551857783999919
(3,204)	0.05089240746736175
(3,205)	0.04941705514622939
(3,206)	0.0511995822751478
(3,207)	0.05245366437159179
(3,208)	0.04819132476845833
(3,209)	0.04554540577468376
(3,210)	0.04407680602280791
(3,211)	0.04223212723323406
(3,212)	0.0411759935142214
(3,213)	0.03998751302093148
(3,214)	0.0384219489662695
(3,215)	0.03809363851935697
(3,216)	0.04296012091455018
(3,217)	0.04679099077677561
(3,218)	0.046729883074411
(3,219)	0.04209125201829468
(3,220)	0.03924898070284679
(3,221)	0.04223009902456403
(3,222)	0.04733943156337398
(3,223)	0.04792401967752296
(3,224)	0.04856253954745488
(3,225)	0.05648617460157279
(3,226)	0.07334445973736355
(3,227)	0.09194065084648274
(3,228)	0.1115664513131241
(3,229)	0.1266783393728406
(3,230)	0.1238812094792423
(3,231)	0.1175950314918673
(3,232)	0.1128656900068768
(3,233)	0.1059299823831784
(3,234)	0.09674939870004709
(3,235)	0.09168977013934844
(3,236)	0.08378577826023041
(3,237)	0.0757555986279102
(3,238)	0.07440974609297205
(3,239)	0.07745145434914565
(3,240)	0.09689368076104882
(3,241)	0.1164143003948765
(3,242)	0.1168928668045587
(3,243)	0.1112001403552019
(3,244)	0.1013006504975911
(3,245)	0.09126162728441443
(3,246)	0.08408456761116995
(3,247)	0.08178753918477909
(3,248)	0.08564728550396736
(3,249)	0.08686500510459687
(3,250)	0.08903961730288354
(3,251)	0.09948854884296933
(3,252)	0.1137452621724525
(3,253)	0.1124630718913349
(3,254)	0.1113379902685642
(3,255)	0.1213204100675725
(3,256)	0.1294875380494991
(3,257)	0.1358250270602984
(3,258)	0.1386579814954339
(3,259)	0.1367276927611289
(3,260)	0.1303636410656474
(3,261)	0.1189338679718352
(3,262)	0.111010116203342
(3,263)	0.1027551555159492
(3,264)	0.1002390656145394
(3,265)	0.1050256878407037
(3,266)	0.09306155470376007
(3,267)	0.08091672729475502
(3,268)	0.07156726185126991
(3,269)	0.06929585588635537
(3,270)	0.07573953099371221
(3,271)	0.07933452571072655
(3,272)	0.07953421853715958
(3,273)	0.07463584670000269
(3,274)	0.07770225689866907
(3,275)	0.08780219532336792
(3,276)	0.0921799535557626
(3,277)	0.08853516727109942
(3,278)	0.09060822603477756
(3,279)	0.09306343702924684
(3,280)	0.1046337315980236
(3,281)	0.1111105999616564
(3,282)	0.1109896836911373
(3,283)	0.1220567867428008
(3,284)	0.116544582036672
(3,285)	0.08811185324362497
(3,286)	0.06077698451611498
(3,287)	0.06067736871670511
(3,288)	0.05886610859475135
(3,289)	0.04820230681498214
(3,290)	0.03655865653247703
(3,291)	0.03135628348611203
(3,292)	0.02752482017816365
(3,293)	0.02848052834258831
(3,294)	0.03162586462318248
(3,295)	0.03406338540701005
(3,296)	0.03472007282417786
(3,297)	0.03568681501279426
(3,298)	0.04143231008707487
(3,299)	0.04871949248513162
(3,300)	0.05743580516681487
(3,301)	0.0696571806078741
(3,302)	0.0923911454905626
(3,303)	0.1083138422734616
(3,304)	0.1158989623171186
(3,305)	0.1201023107237658
(3,306)	0.1182675691803999
(3,307)	0.1150313798735749
(3,308)	0.1090343889667914
(3,309)	0.1010582196273151
(3,310)	0.09766269477341073
(3,311)	0.09681047505188646
(3,312)	0.1146626770262852
(3,313)	0.1474627828998377
(3,314)	0.1530297728880151
(3,315)	0.1362423992515307
(3,316)	0.1224549443995742
(3,317)	0.1198562228248005
(3,318)	0.1271111078103977
(3,319)	0.1387110059114653
(3,320)	0.1534713698717893
(3,321)	0.155262043469107
(3,322)	0.1527283576235526
(3,323)	0.1642116390548957
(3,324)	0.1729240542604676
(3,325)	0.1975745526477956
(3,326)	0.2441592302331874
(3,327)	0.2765887573464818
(3,328)	0.2823549133782248
(3,329)	0.2826774268099353
(3,330)	0.2831321149734654
(3,331)	0.2820082116722305
(3,332)	0.2752697616030708
(3,333)	0.2649905629709193
(3,334)	0.2502762966483733
(3,335)	0.2358142425151579
(3,336)	0.2549023643466269
(3,337)	0.2521704014376294
(3,338)	0.2156327452695895
(3,339)	0.1880296368205592
(3,340)	0.1729940360805088
(3,341)	0.1647222848811633
(3,342)	0.1592115526684552
(3,343)	0.1507392336931423
(3,344)	0.1395327058345144
(3,345)	0.1185618859083255
(3,346)	0.1068012162379733
(3,347)	0.1197146975603851
(3,348)	0.1424536390312718
(3,349)	0.1474893592087373
(3,350)	0.1490660811258567
(3,351)	0.1417067379207758
(3,352)	0.1127742607484339
(3,353)	0.0776560247124978
(3,354)	0.05995759557548035
(3,355)	0.05459430344602143
(3,356)	0.05683714033789632
(3,357)	0.07335519659292906
(3,358)	0.1180639746104339
(3,359)	0.1562884829678367
(3,360)	0.123655584864209
(3,361)	0.1113036124996686
(3,362)	0.1095573730017065
(3,363)	0.08585040022319149
(3,364)	0.08095084222996905
(3,365)	0.08796851098990704
(3,366)	0.09135370498539182
(3,367)	0.0869858329880227
(3,368)	0.07980596732316571
(3,369)	0.06818532245683917
(3,370)	0.06688222807821823
(3,371)	0.08126165440989042
(3,372)	0.0931232161880193
(3,373)	0.1067138705201568
(3,374)	0.09895314637793251
(3,375)	0.09163286898304844
(3,376)	0.09207500155585939
(3,377)	0.08921306462345813
(3,378)	0.08854093561365554
(3,379)	0.0862870061511247
(3,380)	0.08001254698253933
(3,381)	0.07618487611379884
(3,382)	0.07485334319704143
(3,383)	0.07629594924558311
(3,384)	0.08692989867356125
(3,385)	0.1005115044802532
(3,386)	0.09827280944701867
(3,387)	0.08419465433996148
(3,388)	0.07024202316360605
(3,389)	0.05939781825939374
(3,390)	0.04846082973078298
(3,391)	0.04161593381668672
(3,392)	0.04208109926972218
(3,393)	0.04632525551622958
(3,394)	0.06322189181645335
(3,395)	0.08072851991159692
(3,396)	0.09523205032025958
(3,397)	0.116060382831579
(3,398)	0.1235705810542474
(3,399)	0.1310692073184056
(3,400)	0.1360162661662563
(3,401)	0.1355564043965386
(3,402)	0.1228446377941467
(3,403)	0.1116525017889168
(3,404)	0.1007740165832765
(3,405)	0.0918211690039735
(3,406)	0.09004358795863315
(3,407)	0.08694847321560745
(3,408)	0.09491601521436514
(3,409)	0.1033418928284795
(3,410)	0.09818844578003524
(3,411)	0.09228098870023262
(3,412)	0.0845577291020207
(3,413)	0.07592142541119742
(3,414)	0.06796437331324691
(3,415)	0.06051761557661641
(3,416)	0.05358055531374116
(3,417)	0.04230914677537332
(3,418)	0.04224183050535382
(3,419)	0.0476307617728194
(3,420)	0.05513763407612769
(3,421)	0.07956357159239541
(3,422)	0.09957895021005757
(3,423)	0.1001770692107794
(3,424)	0.0892825467879784
(3,425)	0.08672788814289756
(3,426)	0.06867858344652629
(3,427)	0.04253832940292193
(3,428)	0.03451686346465665
(3,429)	0.03068645951671612
(3,430)	0.0279258154261741
(3,431)	0.03004723028848896
(3,432)	0.03701045496566716
(3,433)	0.04384530081176997
(3,434)	0.04538521054351186
(3,435)	0.04629915521511851
(3,436)	0.05225591609169198
(3,437)	0.05908161435396765
(3,438)	0.06434285211324088
(3,439)	0.07089404094665609
(3,440)	0.07935632334228143
(3,441)	0.09086855615711367
(3,442)	0.1106891902864571
(3,443)	0.1222425000170349
(3,444)	0.131675292225808
(3,445)	0.1312496809295891
(3,446)	0.1256712073592768
(3,447)	0.120844544861338
(3,448)	0.1125235749055011
(3,449)	0.1024208990218948
(3,450)	0.09386528146659118
(3,451)	0.09005046241777523
(3,452)	0.08669162388470156
(3,453)	0.08335385564405282
(3,454)	0.07926469689387484
(3,455)	0.07731907672875989
(3,456)	0.08634126807657762
(3,457)	0.1064156193612444
(3,458)	0.1215864854452236
(3,459)	0.1209246421083343
(3,460)	0.1146170077823292
(3,461)	0.1115775400133835
(3,462)	0.1101824916726052
(3,463)	0.1108216481658443
(3,464)	0.1144675630350063
(3,465)	0.1039058025913887
(3,466)	0.1122682451568155
(3,467)	0.1312232651046066
(3,468)	0.1541331491064464
(3,469)	0.1703321473206812
(3,470)	0.1703856437064588
(3,471)	0.1936649413812991
(3,472)	0.2145966896818208
(3,473)	0.2144987355653762
(3,474)	0.2056454547680019
(3,475)	0.1945438479643302
(3,476)	0.1769123723833325
(3,477)	0.1599613092305202
(3,478)	0.1400339106997733
(3,479)	0.1211625149773945
(3,480)	0.1168566170361692
(3,481)	0.1225385252210531
(3,482)	0.1196664147661343
(3,483)	0.1171407254678686
(3,484)	0.1209650287564509
(3,485)	0.1301670046771451
(3,486)	0.1391586471828116
(3,487)	0.1475477930680733
(3,488)	0.1532672443733456
(3,489)	0.1375841853446712
(3,490)	0.1383695706961281
(3,491)	0.1354846156367668
(3,492)	0.1208534753784923
(3,493)	0.1400831286898265
(3,494)	0.1583666262476351
(3,495)	0.1989468530040552
(3,496)	0.2516140959164714
(3,497)	0.285603758795368
(3,498)	0.2864839973642447
(3,499)	0.2680220650602165
(3,500)	0.2497613460153116
(3,501)	0.2218066195578937
(3,502)	0.1935255244171013
(3,503)	0.166534423999016
(4,0)	5.285290031194617e-09
(4,1)	4.155558701117644e-10
(4,2)	1.695638008282265e-05
(4,3)	0.0004810318739426092
(4,4)	0.003222488464232657
(4,5)	0.008559320861910759
(4,6)	0.01636374246928537
(4,7)	0.02562261264617621
(4,8)	0.03032715869494904
(4,9)	0.02386451321557502
(4,10)	0.02226794888587893
(4,11)	0.02600177689729354
(4,12)	0.02780637447947774
(4,13)	0.0289005082364736
(4,14)	0.02705758785545262
(4,15)	0.02371914631476701
(4,16)	0.02470463460356023
(4,17)	0.02648092233794529
(4,18)	0.0255476283371281
(4,19)	0.02317026607174497
(4,20)	0.02028673922544987
(4,21)	0.01722528845948599
(4,22)	0.01427648573913908
(4,23)	0.01148532752077005
(4,24)	0.01071113612134724
(4,25)	0.01254631111155361
(4,26)	0.01452801278418775
(4,27)	0.01535673668331361
(4,28)	0.0142969651969068
(4,29)	0.01274331863901291
(4,30)	0.01158382070963237
(4,31)	0.01082945385914824
(4,32)	0.009766077864445496
(4,33)	0.008703373003041689
(4,34)	0.009888082897929463
(4,35)	0.01070699903760657
(4,36)	0.0109347003134614
(4,37)	0.01027593122047878
(4,38)	0.007525874078721496
(4,39)	0.006451260919528909
(4,40)	0.006075792854432218
(4,41)	0.006768500599341936
(4,42)	0.007896637404329963
(4,43)	0.009073706844027866
(4,44)	0.009588589842109221
(4,45)	0.009120998230680034
(4,46)	0.008373983569754424
(4,47)	0.008119685480092733
(4,48)	0.009753229096738392
(4,49)	0.01335457266821892
(4,50)	0.01578849713155977
(4,51)	0.0154370472319586
(4,52)	0.01487474608823254
(4,53)	0.01506380624723581
(4,54)	0.01512826811721563
(4,55)	0.01688569845608635
(4,56)	0.02029179337613448
(4,57)	0.02268665152591241
(4,58)	0.02894027067792687
(4,59)	0.03548009080202726
(4,60)	0.04079723941523337
(4,61)	0.04228746574771462
(4,62)	0.04268712132227955
(4,63)	0.04667400453705359
(4,64)	0.05143215783015088
(4,65)	0.05601189124280271
(4,66)	0.06218252726322471
(4,67)	0.06718385764100984
(4,68)	0.069754340171176
(4,69)	0.07053557618751495
(4,70)	0.07218446728789696
(4,71)	0.07427195496107958
(4,72)	0.07197647739630879
(4,73)	0.07030073396732005
(4,74)	0.06592836901484141
(4,75)	0.06222174621014544
(4,76)	0.05723541197219667
(4,77)	0.05058606465471527
(4,78)	0.04552036323136746
(4,79)	0.04590191820600553
(4,80)	0.0498209057819704
(4,81)	0.05003860440562042
(4,82)	0.05564778041250214
(4,83)	0.06667084723003275
(4,84)	0.08064682469513183
(4,85)	0.09921396217664694
(4,86)	0.12173066476747
(4,87)	0.1455683312085154
(4,88)	0.1653343474120328
(4,89)	0.1818512021778502
(4,90)	0.1958323216949314
(4,91)	0.2042173869191501
(4,92)	0.2070437600295059
(4,93)	0.2104848251005259
(4,94)	0.2162873329997655
(4,95)	0.2155635762652122
(4,96)	0.2103574252232759
(4,97)	0.2140194918632029
(4,98)	0.2034658075817979
(4,99)	0.1818481513809181
(4,100)	0.1607878047795773
(4,101)	0.1424262041397666
(4,102)	0.1257177069477355
(4,103)	0.1148911352055783
(4,104)	0.1012962981451308
(4,105)	0.08359404778640614
(4,106)	0.08687123675583083
(4,107)	0.09600048341190213
(4,108)	0.1082305670240961
(4,109)	0.1207081934627286
(4,110)	0.1201908077449269
(4,111)	0.102762306138757
(4,112)	0.07821536342778158
(4,113)	0.05795040556600665
(4,114)	0.04534433829644255
(4,115)	0.04929290507330338
(4,116)	0.05566857024002485
(4,117)	0.05595197539322922
(4,118)	0.04716863059991278
(4,119)	0.03611904258468064
(4,120)	0.03080337757465706
(4,121)	0.03027953303349505
(4,122)	0.03120735105257188
(4,123)	0.03123843386013558
(4,124)	0.03289604956784238
(4,125)	0.03984514202916085
(4,126)	0.04993121747323315
(4,127)	0.06095809169628755
(4,128)	0.07655517673421509
(4,129)	0.09054609690088744
(4,130)	0.118540820026385
(4,131)	0.1500442505541668
(4,132)	0.1612225992135987
(4,133)	0.1561969108349558
(4,134)	0.1447928564014183
(4,135)	0.1445800158644865
(4,136)	0.1550066600803843
(4,137)	0.1690482394427164
(4,138)	0.1780844506815634
(4,139)	0.1881838309823452
(4,140)	0.2023971334848747
(4,141)	0.2133914854707375
(4,142)	0.2093941901931449
(4,143)	0.1933484979538079
(4,144)	0.1604105953829402
(4,145)	0.1389544989895274
(4,146)	0.1220669149028942
(4,147)	0.1078301350551194
(4,148)	0.100784131158783
(4,149)	0.09967343453988897
(4,150)	0.09998992275309099
(4,151)	0.09997728127742175
(4,152)	0.1053484491019746
(4,153)	0.1063448022240351
(4,154)	0.1164852088485595
(4,155)	0.1409583727813409
(4,156)	0.1593977197766118
(4,157)	0.1609260043261101
(4,158)	0.1619104673259093
(4,159)	0.1625037167397598
(4,160)	0.1602575727354124
(4,161)	0.164828652298008
(4,162)	0.1727419093282737
(4,163)	0.1825286917534759
(4,164)	0.1930006456535324
(4,165)	0.210074629823767
(4,166)	0.2232472805133901
(4,167)	0.2175364109305454
(4,168)	0.2023393108855195
(4,169)	0.1787619195589848
(4,170)	0.157394724576996
(4,171)	0.1402351776288603
(4,172)	0.1282577978790891
(4,173)	0.1215926391087936
(4,174)	0.1180262541805779
(4,175)	0.1144407519166933
(4,176)	0.1117941934850879
(4,177)	0.09868738405460971
(4,178)	0.09486154887820909
(4,179)	0.105455808406415
(4,180)	0.1158820313607434
(4,181)	0.1163904997015199
(4,182)	0.1106430392467001
(4,183)	0.1036698668625241
(4,184)	0.09481659951845973
(4,185)	0.08173285832855708
(4,186)	0.06825422975413084
(4,187)	0.05154584007387281
(4,188)	0.03323003935925617
(4,189)	0.02477463277237952
(4,190)	0.0228211073125066
(4,191)	0.02534185983022196
(4,192)	0.0313379158375902
(4,193)	0.03590930226483686
(4,194)	0.03117882375541144
(4,195)	0.02393527586357601
(4,196)	0.01629544883954541
(4,197)	0.01193900716573544
(4,198)	0.01010457090745023
(4,199)	0.009442683834365816
(4,200)	0.009363941777398578
(4,201)	0.009886234263374144
(4,202)	0.01026265649171738
(4,203)	0.01083138009534831
(4,204)	0.0110602699074629
(4,205)	0.01126970933251905
(4,206)	0.01224074451322955
(4,207)	0.01424143435020308
(4,208)	0.0161721448003263
(4,209)	0.01701368585354204
(4,210)	0.01671540706469814
(4,211)	0.01562084208082164
(4,212)	0.01419375632731373
(4,213)	0.01233988589123184
(4,214)	0.01045726783977781
(4,215)	0.008986858569718457
(4,216)	0.008781217516152389
(4,217)	0.01042889678518443
(4,218)	0.00968379089408351
(4,219)	0.008668044276501741
(4,220)	0.008355095975700886
(4,221)	0.008112945073473017
(4,222)	0.009471660786138736
(4,223)	0.009523639857851185
(4,224)	0.01183823040814646
(4,225)	0.01706319593265565
(4,226)	0.02362671944216221
(4,227)	0.03309594607722682
(4,228)	0.04493185245496114
(4,229)	0.05980052341378173
(4,230)	0.0668618525147907
(4,231)	0.06696578035820537
(4,232)	0.06124872564291709
(4,233)	0.0519828095913623
(4,234)	0.04447687193236513
(4,235)	0.03643687728142701
(4,236)	0.0292884663930984
(4,237)	0.02448651731257833
(4,238)	0.02101331913160083
(4,239)	0.01941309623153333
(4,240)	0.02242770559468902
(4,241)	0.03087332510948585
(4,242)	0.03553553445765882
(4,243)	0.03336475199769483
(4,244)	0.03071583277274059
(4,245)	0.02903434647827228
(4,246)	0.02871832169720948
(4,247)	0.03148568962712241
(4,248)	0.03677352976719679
(4,249)	0.04291800081322605
(4,250)	0.05232966892677998
(4,251)	0.06718362733559956
(4,252)	0.08259563801599566
(4,253)	0.1056380994174803
(4,254)	0.1279697000406896
(4,255)	0.1353085702945343
(4,256)	0.1369399886114408
(4,257)	0.1350391938568538
(4,258)	0.1320411419419527
(4,259)	0.1266722027711595
(4,260)	0.1135788085362439
(4,261)	0.09814436437879953
(4,262)	0.08237694465985561
(4,263)	0.06794214071326818
(4,264)	0.06561584677580051
(4,265)	0.07597927209075783
(4,266)	0.08372395248877235
(4,267)	0.07302633595082106
(4,268)	0.0568192105619167
(4,269)	0.04441227966695509
(4,270)	0.03781405156523592
(4,271)	0.03199273369293192
(4,272)	0.02987069736268398
(4,273)	0.02786058940199783
(4,274)	0.03302397490538145
(4,275)	0.04930782393546172
(4,276)	0.06677183331716358
(4,277)	0.08260762932714145
(4,278)	0.09147902635294232
(4,279)	0.09736925285657061
(4,280)	0.101912934595491
(4,281)	0.09669022355705426
(4,282)	0.08597190643931088
(4,283)	0.06986537366906637
(4,284)	0.05506418125199749
(4,285)	0.03832596624271447
(4,286)	0.02301849108219668
(4,287)	0.01564518998056912
(4,288)	0.01069933316403655
(4,289)	0.006511537178411647
(4,290)	0.00315635768786456
(4,291)	0.001983550542621659
(4,292)	0.002025586714361734
(4,293)	0.002364392778104646
(4,294)	0.002818635940794019
(4,295)	0.003531478472214978
(4,296)	0.004057393283107395
(4,297)	0.005179310422793263
(4,298)	0.006908106031099532
(4,299)	0.01072246083405012
(4,300)	0.01543858829315991
(4,301)	0.01836229150625777
(4,302)	0.02418124692956344
(4,303)	0.03286962129626215
(4,304)	0.04214478408015047
(4,305)	0.05200892161206289
(4,306)	0.05770714103851006
(4,307)	0.05819135179091807
(4,308)	0.05666555791972569
(4,309)	0.05393277997579511
(4,310)	0.05232494856218942
(4,311)	0.05021461651826459
(4,312)	0.05421811808415217
(4,313)	0.07061349379391325
(4,314)	0.0930625000020705
(4,315)	0.1062623819571575
(4,316)	0.1035332375710598
(4,317)	0.09566205744316786
(4,318)	0.08530608432992272
(4,319)	0.07753516587109811
(4,320)	0.07677407806052453
(4,321)	0.07401573062824437
(4,322)	0.06813041511097685
(4,323)	0.06740064023875134
(4,324)	0.06976835199774239
(4,325)	0.07183308464630161
(4,326)	0.07181133954970488
(4,327)	0.07259189757416186
(4,328)	0.07406910692988987
(4,329)	0.07584770780142849
(4,330)	0.07721481283094235
(4,331)	0.08184631807815029
(4,332)	0.091224502577769
(4,333)	0.1020602387486004
(4,334)	0.1105061787455455
(4,335)	0.1137106413749144
(4,336)	0.1202585583733052
(4,337)	0.121389441403664
(4,338)	0.1156755053697943
(4,339)	0.1006460285592902
(4,340)	0.08410807933013013
(4,341)	0.07111712471613255
(4,342)	0.06112450946836226
(4,343)	0.05362386427792934
(4,344)	0.04712991569330258
(4,345)	0.03925086582997433
(4,346)	0.03483650116623166
(4,347)	0.03146877740399875
(4,348)	0.02900624408852596
(4,349)	0.02700167637389755
(4,350)	0.02494934985171964
(4,351)	0.02259688289744781
(4,352)	0.0205520479244877
(4,353)	0.01880066250944623
(4,354)	0.01840320507563432
(4,355)	0.01686503865029789
(4,356)	0.01564260820232142
(4,357)	0.01395270288267698
(4,358)	0.01056574627300516
(4,359)	0.009269694913356462
(4,360)	0.008677451594755465
(4,361)	0.007213881436394
(4,362)	0.006371383979567158
(4,363)	0.007808540174872855
(4,364)	0.01105656065093979
(4,365)	0.01168772617809671
(4,366)	0.01121948809083998
(4,367)	0.01042385440940045
(4,368)	0.009165382202207029
(4,369)	0.007301060830323532
(4,370)	0.007060303479394797
(4,371)	0.009929134446704268
(4,372)	0.01386871313146015
(4,373)	0.0177859630925582
(4,374)	0.01937002441057116
(4,375)	0.0219251362738011
(4,376)	0.0255423395541576
(4,377)	0.02851416144268669
(4,378)	0.03104379484221688
(4,379)	0.03122879721843702
(4,380)	0.02952508762180102
(4,381)	0.02706426539338315
(4,382)	0.02450002044606665
(4,383)	0.02248855182283842
(4,384)	0.02495419435348655
(4,385)	0.03254153914183638
(4,386)	0.03804022388780248
(4,387)	0.03412495024237797
(4,388)	0.02593656410695284
(4,389)	0.01770016214578867
(4,390)	0.0109514392680331
(4,391)	0.00687529344263273
(4,392)	0.005809772487346549
(4,393)	0.007665998901018304
(4,394)	0.01793487479564777
(4,395)	0.04206546081426604
(4,396)	0.07027416966118982
(4,397)	0.1047687334665132
(4,398)	0.15008903617725
(4,399)	0.1901242187218371
(4,400)	0.2058434924011899
(4,401)	0.2063142907472779
(4,402)	0.2027300528677529
(4,403)	0.1872381389593493
(4,404)	0.1638533917838327
(4,405)	0.1439703728898944
(4,406)	0.131114359276347
(4,407)	0.1194064853985158
(4,408)	0.1243145003709493
(4,409)	0.146774211356226
(4,410)	0.1673582380245853
(4,411)	0.1717254535953748
(4,412)	0.1600598514408341
(4,413)	0.141523480790355
(4,414)	0.1213398189913105
(4,415)	0.1021945057841639
(4,416)	0.08403650135906959
(4,417)	0.0579014837230109
(4,418)	0.04403643756581583
(4,419)	0.04140909769125863
(4,420)	0.04777068075726106
(4,421)	0.0616497997611653
(4,422)	0.07564857462744433
(4,423)	0.07318650164728771
(4,424)	0.0515689905288609
(4,425)	0.03535184539075455
(4,426)	0.03143794174013501
(4,427)	0.01884269256148572
(4,428)	0.01089149380211575
(4,429)	0.00796842229446855
(4,430)	0.006783725982352686
(4,431)	0.007139243260886854
(4,432)	0.00791974432824474
(4,433)	0.0100586142711764
(4,434)	0.009974279069963997
(4,435)	0.01039597805578412
(4,436)	0.01103756561298087
(4,437)	0.01352885101807708
(4,438)	0.01501526434342326
(4,439)	0.01930934898356633
(4,440)	0.02440503392027593
(4,441)	0.02627816636196368
(4,442)	0.02899593487113936
(4,443)	0.03544998659292921
(4,444)	0.04259126203031857
(4,445)	0.04701215901578881
(4,446)	0.04935059573844224
(4,447)	0.05218755276905462
(4,448)	0.05255146329432164
(4,449)	0.05046620445871051
(4,450)	0.04846708490762727
(4,451)	0.04944576178585643
(4,452)	0.05415320220859583
(4,453)	0.06179490144925851
(4,454)	0.06832708785259684
(4,455)	0.06795386558365861
(4,456)	0.06908544773003712
(4,457)	0.07588426137139845
(4,458)	0.08178474248238887
(4,459)	0.08343889370156193
(4,460)	0.07804332702615667
(4,461)	0.07020565215416408
(4,462)	0.06306442541133417
(4,463)	0.06063199979317779
(4,464)	0.06035114590063193
(4,465)	0.05558924445145438
(4,466)	0.06804824475089166
(4,467)	0.09559952819053126
(4,468)	0.1285741546786774
(4,469)	0.1604230203042599
(4,470)	0.1893439094555781
(4,471)	0.2059460387294682
(4,472)	0.2213792728917104
(4,473)	0.2422635016647884
(4,474)	0.2512681311446988
(4,475)	0.2500054185592072
(4,476)	0.2410762647038382
(4,477)	0.2276794843896671
(4,478)	0.2154901530703694
(4,479)	0.2049769885915052
(4,480)	0.2110214818813496
(4,481)	0.2338609244306527
(4,482)	0.2488838913077864
(4,483)	0.2458590779555009
(4,484)	0.2301100366350024
(4,485)	0.211932227404366
(4,486)	0.1950706454377152
(4,487)	0.1793500686095288
(4,488)	0.1676204759642236
(4,489)	0.1364193262098488
(4,490)	0.1257197948170321
(4,491)	0.1384434675114762
(4,492)	0.1616863951980284
(4,493)	0.1821548948195975
(4,494)	0.1907765543176128
(4,495)	0.1854173008530665
(4,496)	0.1778613733594075
(4,497)	0.1800547092111087
(4,498)	0.1930103770111767
(4,499)	0.2055573886123672
(4,500)	0.2134858445623209
(4,501)	0.2195205751825229
(4,502)	0.2212878143655724
(4,503)	0.2230941531480505
