 Copyright (C) 1995-2015 - All Rights Reserved
 University Corporation for Atmospheric Research
 NCAR Command Language Version 6.3.0
 The use of this software is governed by a License Agreement.
 See http://www.ncl.ucar.edu/ for more details.


Variable: contri
Type: double
Total Size: 16128 bytes
            2016 values
Number of Dimensions: 2
Dimensions and sizes:	[4] x [504]
Coordinates: 
Number Of Attributes: 1
  _FillValue :	9.969209968386869e+36
(0,0)	0.963743890368303
(0,1)	0.8813133420029715
(0,2)	0.7821898660565337
(0,3)	0.745479617025618
(0,4)	0.7255325677655978
(0,5)	0.7002999553081917
(0,6)	0.6808313989933139
(0,7)	0.6658809815666118
(0,8)	0.6689808637780629
(0,9)	0.7130990392889826
(0,10)	0.7107369004452875
(0,11)	0.6987896171160414
(0,12)	0.6957148875650132
(0,13)	0.6881671160147516
(0,14)	0.6797281525687258
(0,15)	0.6885606427422336
(0,16)	0.6815670877340465
(0,17)	0.6754997357957057
(0,18)	0.6726162536750617
(0,19)	0.671026447183668
(0,20)	0.6813179842075037
(0,21)	0.7022124787736627
(0,22)	0.7198322285704805
(0,23)	0.7391014423307178
(0,24)	0.7318391426188111
(0,25)	0.6875316093501017
(0,26)	0.6465612233315798
(0,27)	0.6383454393735276
(0,28)	0.6517418223367767
(0,29)	0.6659138531032704
(0,30)	0.6771911950253987
(0,31)	0.679670627000211
(0,32)	0.7006165015856519
(0,33)	0.7420724301025354
(0,34)	0.7526818124000522
(0,35)	0.7526077227777906
(0,36)	0.7318997433937156
(0,37)	0.7168081380297907
(0,38)	0.7058427236423588
(0,39)	0.6858002881852922
(0,40)	0.6759811423030888
(0,41)	0.6692431683012766
(0,42)	0.6671812182428688
(0,43)	0.6683091723381116
(0,44)	0.6811948303976598
(0,45)	0.6997383139662674
(0,46)	0.7186374933576919
(0,47)	0.7307980396434771
(0,48)	0.7001096564339581
(0,49)	0.6356400305000107
(0,50)	0.605148789956175
(0,51)	0.6145955106576295
(0,52)	0.6318369856955195
(0,53)	0.6461529035084296
(0,54)	0.6676668164339962
(0,55)	0.6809128588384586
(0,56)	0.6964149847197481
(0,57)	0.7386275472530169
(0,58)	0.7245312710111405
(0,59)	0.6986127282844516
(0,60)	0.6770553755063532
(0,61)	0.6670340655436777
(0,62)	0.6597064134599203
(0,63)	0.6427271942823937
(0,64)	0.6127265436498058
(0,65)	0.5857401462764655
(0,66)	0.5601013924813653
(0,67)	0.5511165778874481
(0,68)	0.5570383921454001
(0,69)	0.5659732211591206
(0,70)	0.5805138425598814
(0,71)	0.6044634458256742
(0,72)	0.6468849028618864
(0,73)	0.6548684605400443
(0,74)	0.6555111579032128
(0,75)	0.6208521573614297
(0,76)	0.5996632275655053
(0,77)	0.5945203928497332
(0,78)	0.5906204616677835
(0,79)	0.5793717398748884
(0,80)	0.573216509218779
(0,81)	0.6295058178208239
(0,82)	0.6439177704089513
(0,83)	0.6448296659883131
(0,84)	0.6380898844100811
(0,85)	0.5980141864407656
(0,86)	0.5395309587393554
(0,87)	0.495068365604028
(0,88)	0.4718289683259044
(0,89)	0.4584021761969755
(0,90)	0.4435700571786647
(0,91)	0.4352737909844965
(0,92)	0.4369969047744546
(0,93)	0.4521109428686211
(0,94)	0.4687514488592242
(0,95)	0.4907816283761803
(0,96)	0.492728434140619
(0,97)	0.4598673081186783
(0,98)	0.4617258458209244
(0,99)	0.4633945976849748
(0,100)	0.4714077684876241
(0,101)	0.4830613354282389
(0,102)	0.5011625848805875
(0,103)	0.5274890126066931
(0,104)	0.5880667900259959
(0,105)	0.6723392265202229
(0,106)	0.6709464986187944
(0,107)	0.6340690988275643
(0,108)	0.5887742414303105
(0,109)	0.5689456900846989
(0,110)	0.5565452968940811
(0,111)	0.545101684504492
(0,112)	0.5458850251555594
(0,113)	0.5808082891647347
(0,114)	0.6075742327344764
(0,115)	0.5879404160715288
(0,116)	0.5575669198561195
(0,117)	0.5644253281698394
(0,118)	0.6013545354317837
(0,119)	0.6528330073651094
(0,120)	0.6556415574919761
(0,121)	0.5995811001452276
(0,122)	0.5726160176816246
(0,123)	0.5927082249768213
(0,124)	0.6192379163009124
(0,125)	0.6224448855411188
(0,126)	0.6218240923467819
(0,127)	0.6194741066864584
(0,128)	0.6248567686547262
(0,129)	0.6721178315228085
(0,130)	0.6725970818411259
(0,131)	0.6560374462082178
(0,132)	0.584590729177669
(0,133)	0.5124773449823556
(0,134)	0.4874477119340316
(0,135)	0.4674175600253738
(0,136)	0.4520560568697516
(0,137)	0.4442279631788164
(0,138)	0.4432647166834249
(0,139)	0.4442779011950282
(0,140)	0.4531870584454044
(0,141)	0.4644220602951596
(0,142)	0.4865579750042786
(0,143)	0.5129154300452987
(0,144)	0.5694549048412919
(0,145)	0.5968717905197659
(0,146)	0.5864141752597669
(0,147)	0.5624547895771148
(0,148)	0.5582025950276566
(0,149)	0.5536242148678276
(0,150)	0.5493426916909012
(0,151)	0.5582021648385265
(0,152)	0.5695955285490313
(0,153)	0.6270119131673034
(0,154)	0.6507642784537053
(0,155)	0.6322119290603512
(0,156)	0.5810215728898381
(0,157)	0.5291701218742446
(0,158)	0.4976981399955954
(0,159)	0.4936730161041464
(0,160)	0.4946794491624099
(0,161)	0.4862279820443911
(0,162)	0.4813273446050414
(0,163)	0.4844120003689972
(0,164)	0.4937565100838072
(0,165)	0.4935712185766567
(0,166)	0.4920936882481923
(0,167)	0.5022613605822657
(0,168)	0.4785483416308373
(0,169)	0.4579919629301292
(0,170)	0.4568432011530639
(0,171)	0.4747567677055638
(0,172)	0.5078050662484814
(0,173)	0.5375406347503653
(0,174)	0.5472927119270139
(0,175)	0.5499943830245372
(0,176)	0.5649392723250919
(0,177)	0.6579221229450881
(0,178)	0.703882896632451
(0,179)	0.6955644440241389
(0,180)	0.6826600382298563
(0,181)	0.629342421342083
(0,182)	0.5767767763740724
(0,183)	0.5426811754407371
(0,184)	0.5417228824062253
(0,185)	0.5460526649184735
(0,186)	0.5498558454159623
(0,187)	0.5496382550953091
(0,188)	0.5655851360652244
(0,189)	0.5927028099860668
(0,190)	0.5973030217738178
(0,191)	0.5907248934491214
(0,192)	0.5392039324983128
(0,193)	0.4720780430882798
(0,194)	0.4654254034713485
(0,195)	0.4816179181541585
(0,196)	0.5082127129008738
(0,197)	0.540179559792383
(0,198)	0.5705011052948379
(0,199)	0.5989804738611877
(0,200)	0.6189165606313969
(0,201)	0.6484701295941818
(0,202)	0.6543063306765162
(0,203)	0.6473880901142729
(0,204)	0.6447134408817365
(0,205)	0.6291069511148265
(0,206)	0.5936676968559821
(0,207)	0.5523618103415636
(0,208)	0.5391002417196792
(0,209)	0.5396169952794957
(0,210)	0.5518687310790297
(0,211)	0.5749573957000272
(0,212)	0.5942916043691433
(0,213)	0.6064254759507178
(0,214)	0.6149554854068849
(0,215)	0.6116896141524762
(0,216)	0.6524189971567527
(0,217)	0.597524952256647
(0,218)	0.5546214153736232
(0,219)	0.5368007711019986
(0,220)	0.5450955654160631
(0,221)	0.5573335439119592
(0,222)	0.5735003527415921
(0,223)	0.5901900002577709
(0,224)	0.5998551792148072
(0,225)	0.6380752824967206
(0,226)	0.6457640580862962
(0,227)	0.6224749826835534
(0,228)	0.6189210572580811
(0,229)	0.6111709616366149
(0,230)	0.6074778464368908
(0,231)	0.6037356402031924
(0,232)	0.5953711084055893
(0,233)	0.593789352557577
(0,234)	0.6025458371782939
(0,235)	0.6148321470451705
(0,236)	0.6398532427207339
(0,237)	0.6669160001600539
(0,238)	0.6905979040474076
(0,239)	0.7054661720180948
(0,240)	0.6585553524214033
(0,241)	0.5954910137483798
(0,242)	0.5647371697746365
(0,243)	0.5654524546061469
(0,244)	0.5820084300719701
(0,245)	0.6050892752906509
(0,246)	0.6277840192017841
(0,247)	0.6377443137997374
(0,248)	0.6421469979868835
(0,249)	0.6863349559559108
(0,250)	0.7005221137796588
(0,251)	0.6686272269219405
(0,252)	0.6233118439324349
(0,253)	0.5918560466495026
(0,254)	0.5625240559289041
(0,255)	0.5330287893311896
(0,256)	0.5137466782081932
(0,257)	0.5045243384140791
(0,258)	0.5010364018914427
(0,259)	0.5039613801942563
(0,260)	0.5180407247065943
(0,261)	0.5382999626281242
(0,262)	0.5580104273472631
(0,263)	0.5862598666631045
(0,264)	0.5752045640152195
(0,265)	0.5329348112214632
(0,266)	0.5163732733799825
(0,267)	0.5392938812259861
(0,268)	0.5732082704701584
(0,269)	0.5963643913462615
(0,270)	0.6035736075671029
(0,271)	0.6096395334608818
(0,272)	0.616757171345769
(0,273)	0.685023880283089
(0,274)	0.7043625173029822
(0,275)	0.6763959206040925
(0,276)	0.6445273678721771
(0,277)	0.6225021991542051
(0,278)	0.5994697390964198
(0,279)	0.5744338989566222
(0,280)	0.5430132110787805
(0,281)	0.5236823188426598
(0,282)	0.5114654834994131
(0,283)	0.4950569243327115
(0,284)	0.4927465342546491
(0,285)	0.5306909616302569
(0,286)	0.5986498650002782
(0,287)	0.6370616255253577
(0,288)	0.667893087956861
(0,289)	0.6204485425057733
(0,290)	0.5723759900728447
(0,291)	0.5412652108728601
(0,292)	0.5436377639386782
(0,293)	0.5522068068991591
(0,294)	0.5798313029757151
(0,295)	0.5995354988669072
(0,296)	0.6151344818760672
(0,297)	0.6894915653359219
(0,298)	0.7040567388695381
(0,299)	0.6747323582542153
(0,300)	0.6459654538420285
(0,301)	0.6297588123164216
(0,302)	0.6154556749586269
(0,303)	0.6156702420435363
(0,304)	0.6128391233812196
(0,305)	0.5915820333199305
(0,306)	0.5624081538233632
(0,307)	0.5489452005996888
(0,308)	0.5617477487862742
(0,309)	0.5922631652205912
(0,310)	0.6188856415760173
(0,311)	0.6426879692627674
(0,312)	0.6113143771640702
(0,313)	0.5532542870714233
(0,314)	0.5313205549759812
(0,315)	0.5365352929140229
(0,316)	0.5569720603509904
(0,317)	0.5735964688563386
(0,318)	0.5866755265793046
(0,319)	0.5947479965854556
(0,320)	0.5881175487105997
(0,321)	0.6386075364318852
(0,322)	0.6813921969464611
(0,323)	0.6738662310394777
(0,324)	0.6599213621973471
(0,325)	0.6242768432231575
(0,326)	0.5625241459815873
(0,327)	0.5139238691767952
(0,328)	0.5009067814123592
(0,329)	0.4962425118899517
(0,330)	0.4938702533966777
(0,331)	0.4893519365975308
(0,332)	0.4870308973096043
(0,333)	0.4906206164331396
(0,334)	0.5054879648337308
(0,335)	0.5280422846103757
(0,336)	0.4844553768433009
(0,337)	0.448489670306737
(0,338)	0.472611407808285
(0,339)	0.5348801215230575
(0,340)	0.5966791894514265
(0,341)	0.6424386780008993
(0,342)	0.6756467942222113
(0,343)	0.7029044579260199
(0,344)	0.7301369154309577
(0,345)	0.7841095943440103
(0,346)	0.8204958407443534
(0,347)	0.8150304994950258
(0,348)	0.7926656389531259
(0,349)	0.7879574800753855
(0,350)	0.7853975292868579
(0,351)	0.7927182830599103
(0,352)	0.8001052021705374
(0,353)	0.7659713943226854
(0,354)	0.7556143375834817
(0,355)	0.7606001772679063
(0,356)	0.7477333553426545
(0,357)	0.726313834783978
(0,358)	0.7044240593183796
(0,359)	0.6612309265512775
(0,360)	0.6896936871962709
(0,361)	0.6813218694807017
(0,362)	0.6474691840364327
(0,363)	0.6421102586837081
(0,364)	0.6374078396494832
(0,365)	0.6392183228146877
(0,366)	0.643097868635386
(0,367)	0.6455283057825423
(0,368)	0.6612972558529097
(0,369)	0.70831673710432
(0,370)	0.7094845003340744
(0,371)	0.6584518500196185
(0,372)	0.6235079606409729
(0,373)	0.5968825123779432
(0,374)	0.5814489087567223
(0,375)	0.5574044698726538
(0,376)	0.5312036070475
(0,377)	0.5353399948853861
(0,378)	0.5506291402280682
(0,379)	0.5738536800804777
(0,380)	0.6063051070916211
(0,381)	0.6389071375186565
(0,382)	0.6717064348826419
(0,383)	0.6954308493903525
(0,384)	0.6633751391844102
(0,385)	0.6023718734785136
(0,386)	0.570637900922314
(0,387)	0.574477479737861
(0,388)	0.5837413651470111
(0,389)	0.5862753492590967
(0,390)	0.5890890891995459
(0,391)	0.5939079200290969
(0,392)	0.6013817683116489
(0,393)	0.6938779779407485
(0,394)	0.7115957324511262
(0,395)	0.6802329908405361
(0,396)	0.6498614069917945
(0,397)	0.599071055263694
(0,398)	0.5415979829964042
(0,399)	0.4764358119087732
(0,400)	0.429959315464981
(0,401)	0.4120418098375279
(0,402)	0.4130571218775746
(0,403)	0.4225654014151362
(0,404)	0.4505154165244324
(0,405)	0.4860396309040625
(0,406)	0.5138391058522814
(0,407)	0.5431352867972288
(0,408)	0.5019074455564889
(0,409)	0.4286302851733284
(0,410)	0.397985438133336
(0,411)	0.395262183804864
(0,412)	0.4171747420376913
(0,413)	0.4493060242789498
(0,414)	0.4785787697985339
(0,415)	0.5029949119867386
(0,416)	0.5287693332581227
(0,417)	0.6521543994787244
(0,418)	0.692653417001293
(0,419)	0.6732009177580677
(0,420)	0.6450731827412169
(0,421)	0.6050987301823498
(0,422)	0.5467105042665458
(0,423)	0.5064867333879266
(0,424)	0.4801166012564888
(0,425)	0.4703174837046839
(0,426)	0.4979702662484191
(0,427)	0.5791915144810558
(0,428)	0.6259149493604887
(0,429)	0.6401796244296712
(0,430)	0.6576775011062252
(0,431)	0.6728297733733573
(0,432)	0.688590342132784
(0,433)	0.5927822100716718
(0,434)	0.5531905160662486
(0,435)	0.5493564858104043
(0,436)	0.5719433021062396
(0,437)	0.5966857382820985
(0,438)	0.6158583436781587
(0,439)	0.6124085909882117
(0,440)	0.6174320500307452
(0,441)	0.6801444024694387
(0,442)	0.7098278825256964
(0,443)	0.7118827329486799
(0,444)	0.6989560503430829
(0,445)	0.6892062043460087
(0,446)	0.6687852391053333
(0,447)	0.6328094914520921
(0,448)	0.6048595284197128
(0,449)	0.5888532597632052
(0,450)	0.5858597372279573
(0,451)	0.5800190710635434
(0,452)	0.5791119886433204
(0,453)	0.5911771105259793
(0,454)	0.6046439071396496
(0,455)	0.6162940922135022
(0,456)	0.5859798278510228
(0,457)	0.52181689284776
(0,458)	0.4957704623441991
(0,459)	0.5093929790181053
(0,460)	0.5372983395000521
(0,461)	0.5619077213774393
(0,462)	0.5901682371300555
(0,463)	0.6123500468596627
(0,464)	0.6291102554681198
(0,465)	0.7091368225439733
(0,466)	0.7098826997041726
(0,467)	0.6744895796186688
(0,468)	0.6219651457373743
(0,469)	0.5761724581287697
(0,470)	0.546304029173022
(0,471)	0.4976989109251942
(0,472)	0.4529023284989231
(0,473)	0.4266217048713588
(0,474)	0.424024086739561
(0,475)	0.4335098900880999
(0,476)	0.4555674900496258
(0,477)	0.4791742538404088
(0,478)	0.5045771902526633
(0,479)	0.5237560721191867
(0,480)	0.4918726252366011
(0,481)	0.4227259688111343
(0,482)	0.3882858321145723
(0,483)	0.3827565253110909
(0,484)	0.3981896538723809
(0,485)	0.4251112590002831
(0,486)	0.4563564248673938
(0,487)	0.485232292176452
(0,488)	0.5077288748423354
(0,489)	0.6102353458601005
(0,490)	0.6430467986607832
(0,491)	0.6353822565617638
(0,492)	0.6249308716395665
(0,493)	0.5760466845337538
(0,494)	0.5487210780392057
(0,495)	0.5166408602839069
(0,496)	0.473678812306041
(0,497)	0.4395893442223674
(0,498)	0.4252773037505272
(0,499)	0.4286352249723892
(0,500)	0.4364568518096634
(0,501)	0.4568240364141555
(0,502)	0.4843573736728076
(0,503)	0.5106898577354161
(1,0)	0.0121618284125476
(1,1)	0.02975196994807286
(1,2)	0.05176413065945761
(1,3)	0.07035005482563095
(1,4)	0.08760340283646005
(1,5)	0.09903655187250807
(1,6)	0.1092375671999702
(1,7)	0.1224721468200845
(1,8)	0.1338271415838237
(1,9)	0.1170355416180798
(1,10)	0.1123350389027423
(1,11)	0.1104449977916249
(1,12)	0.09266555711913481
(1,13)	0.06963255967811903
(1,14)	0.06468329518971776
(1,15)	0.07640519131707996
(1,16)	0.09396360437807341
(1,17)	0.1074721606660468
(1,18)	0.1225488152481334
(1,19)	0.131785505476902
(1,20)	0.1301721981520015
(1,21)	0.1232275488739129
(1,22)	0.1155945563770081
(1,23)	0.1070951027451123
(1,24)	0.1018729424747433
(1,25)	0.1027396818022861
(1,26)	0.1064749313071179
(1,27)	0.1040088124953196
(1,28)	0.09278302966242066
(1,29)	0.08952768794709087
(1,30)	0.1027284303160611
(1,31)	0.120145683917059
(1,32)	0.1198877055399691
(1,33)	0.09715615109329546
(1,34)	0.08819116756942083
(1,35)	0.0780165466059236
(1,36)	0.06819489779702405
(1,37)	0.07928543270505711
(1,38)	0.1203034516562358
(1,39)	0.1545212213410503
(1,40)	0.1732034872530211
(1,41)	0.1797552467505655
(1,42)	0.1779630435972414
(1,43)	0.1742132156049309
(1,44)	0.1657353389736202
(1,45)	0.1549500519674864
(1,46)	0.1440319877264785
(1,47)	0.1340123377188486
(1,48)	0.1346398805965748
(1,49)	0.1387419050413339
(1,50)	0.1319924274815528
(1,51)	0.1142151437863552
(1,52)	0.09148448074362918
(1,53)	0.07145288518679309
(1,54)	0.06310362827384917
(1,55)	0.06119867240951102
(1,56)	0.06199030566271891
(1,57)	0.05515109735198044
(1,58)	0.05447595228344174
(1,59)	0.04953099894923114
(1,60)	0.04440430383548225
(1,61)	0.04441327213258112
(1,62)	0.05002947885299937
(1,63)	0.05996045274618355
(1,64)	0.0751474744662827
(1,65)	0.08999107914775789
(1,66)	0.09628503725690057
(1,67)	0.09818004139949396
(1,68)	0.0975982383800249
(1,69)	0.091205610650077
(1,70)	0.08400929632149602
(1,71)	0.07802601172530164
(1,72)	0.06573697340429119
(1,73)	0.05894125106364867
(1,74)	0.05090007705662852
(1,75)	0.04328047939974487
(1,76)	0.03551616211659386
(1,77)	0.02954054821130054
(1,78)	0.02576996186562045
(1,79)	0.02124686613318864
(1,80)	0.01390298957710655
(1,81)	0.005606306413358617
(1,82)	0.001330001770192114
(1,83)	0.000245713713943546
(1,84)	0.0007183597635893772
(1,85)	0.001943905343905262
(1,86)	0.003849715101575381
(1,87)	0.00560362819741001
(1,88)	0.006428003220016921
(1,89)	0.007268748899727369
(1,90)	0.009915930741043881
(1,91)	0.01374823652076424
(1,92)	0.02108847915046936
(1,93)	0.03297351616015492
(1,94)	0.04703853457237257
(1,95)	0.0599019433613719
(1,96)	0.0759310729088469
(1,97)	0.07996459164516961
(1,98)	0.0686193504690894
(1,99)	0.07018329921803433
(1,100)	0.08237668753946777
(1,101)	0.08765171874249168
(1,102)	0.08736528822170593
(1,103)	0.08721824441360634
(1,104)	0.08668689228653159
(1,105)	0.06816052606230159
(1,106)	0.05613806281316092
(1,107)	0.05116471039709911
(1,108)	0.04260852941016373
(1,109)	0.0272838435506035
(1,110)	0.0282084848686348
(1,111)	0.04543449623183919
(1,112)	0.07731974354791347
(1,113)	0.1076572517683023
(1,114)	0.1288655875829956
(1,115)	0.1375996610691055
(1,116)	0.1289644280033562
(1,117)	0.1228798369622736
(1,118)	0.1301927736198953
(1,119)	0.1362364045209222
(1,120)	0.1387485773968513
(1,121)	0.1399100446231676
(1,122)	0.1093927396920536
(1,123)	0.07829984989287893
(1,124)	0.05158097430575332
(1,125)	0.0338653881059393
(1,126)	0.02087914756177165
(1,127)	0.01299763291447011
(1,128)	0.009154684950150165
(1,129)	0.006279535117609235
(1,130)	0.002829407433866577
(1,131)	0.0007501906016092542
(1,132)	0.001059467965164813
(1,133)	0.0009244120975045464
(1,134)	0.0003085288242554415
(1,135)	0.0006568623607436543
(1,136)	0.002646815348444602
(1,137)	0.008404199009999705
(1,138)	0.01797338417237319
(1,139)	0.0352405719064511
(1,140)	0.05503368924686494
(1,141)	0.07056428514244698
(1,142)	0.08091012090949935
(1,143)	0.08966701868563016
(1,144)	0.08113983264472503
(1,145)	0.06655523090881899
(1,146)	0.05076572020490833
(1,147)	0.03337256445331448
(1,148)	0.01613888966138119
(1,149)	0.01095473678245606
(1,150)	0.01235535876460173
(1,151)	0.01352641969501412
(1,152)	0.01457731610893147
(1,153)	0.01481860219258378
(1,154)	0.009997694135316693
(1,155)	0.0025824977787321
(1,156)	0.003659683241363785
(1,157)	0.005577187440647956
(1,158)	0.006169679069903764
(1,159)	0.005025275793564654
(1,160)	0.004104919929110793
(1,161)	0.00441720502635274
(1,162)	0.006957739964746418
(1,163)	0.01621913633844702
(1,164)	0.03653783621367224
(1,165)	0.05518131848463564
(1,166)	0.0687884866484955
(1,167)	0.0836137963953828
(1,168)	0.09853172743673096
(1,169)	0.08362417033461141
(1,170)	0.05918296648344402
(1,171)	0.05320255587016352
(1,172)	0.05408779310924514
(1,173)	0.05722375379059873
(1,174)	0.06198706766077677
(1,175)	0.06823111547614011
(1,176)	0.07066894692091984
(1,177)	0.06115662935873538
(1,178)	0.05427829026138116
(1,179)	0.05280996843777936
(1,180)	0.04725471519306484
(1,181)	0.03385935905346641
(1,182)	0.02567320716485089
(1,183)	0.02460865725456685
(1,184)	0.02675474091885544
(1,185)	0.03792835797684289
(1,186)	0.05608587279761201
(1,187)	0.07973237259193955
(1,188)	0.1099238896028422
(1,189)	0.1456053017603468
(1,190)	0.1828423884544526
(1,191)	0.201588868408938
(1,192)	0.2184947554738479
(1,193)	0.2442408327264199
(1,194)	0.2636844930226945
(1,195)	0.270134831495577
(1,196)	0.2708342668496851
(1,197)	0.2608870710790799
(1,198)	0.2462824055925515
(1,199)	0.2285191631621645
(1,200)	0.2129685068662524
(1,201)	0.1865652891370171
(1,202)	0.1738210564913158
(1,203)	0.1719705257587774
(1,204)	0.1815100222915194
(1,205)	0.1995800593059301
(1,206)	0.2261691332337303
(1,207)	0.2546538279291146
(1,208)	0.270586623317759
(1,209)	0.2751859755248808
(1,210)	0.2718776030442782
(1,211)	0.262720010456102
(1,212)	0.256440616905275
(1,213)	0.2578477034038461
(1,214)	0.2639803195615386
(1,215)	0.2756676158321951
(1,216)	0.232775813427102
(1,217)	0.2678912457071896
(1,218)	0.3043003902357465
(1,219)	0.3286146946581003
(1,220)	0.3246927294435213
(1,221)	0.3018146917273044
(1,222)	0.2663864029772474
(1,223)	0.2457521298989483
(1,224)	0.2310043903988908
(1,225)	0.1856750405857195
(1,226)	0.1591239321334874
(1,227)	0.1443849243364062
(1,228)	0.107303620699717
(1,229)	0.08205748383779564
(1,230)	0.09183800286324911
(1,231)	0.1163762601212966
(1,232)	0.1483784791529615
(1,233)	0.1761328972222736
(1,234)	0.190640198490547
(1,235)	0.1958838227177536
(1,236)	0.1920833193483483
(1,237)	0.1838624004809147
(1,238)	0.1683824832068115
(1,239)	0.1529510619197251
(1,240)	0.1609338484925315
(1,241)	0.1657517082512256
(1,242)	0.1670980854239835
(1,243)	0.1625166583192753
(1,244)	0.1601599117786887
(1,245)	0.1520614996272237
(1,246)	0.140548681004713
(1,247)	0.1317222001907328
(1,248)	0.1160599931502651
(1,249)	0.09031453350332122
(1,250)	0.08176482628189749
(1,251)	0.08161973331242893
(1,252)	0.0842750874948872
(1,253)	0.08248302546603105
(1,254)	0.07883231082936477
(1,255)	0.08464085079203171
(1,256)	0.09367305799802346
(1,257)	0.1016463887818361
(1,258)	0.1074444536886602
(1,259)	0.113123301844269
(1,260)	0.1244621458918923
(1,261)	0.1391163040326229
(1,262)	0.1512371382031407
(1,263)	0.1548276176257968
(1,264)	0.1625226037372159
(1,265)	0.1595888252259237
(1,266)	0.1584263254759525
(1,267)	0.165538323082132
(1,268)	0.1759874372395422
(1,269)	0.1822173949245822
(1,270)	0.1822627609371519
(1,271)	0.1862871828374862
(1,272)	0.1890868810821788
(1,273)	0.1536931572120869
(1,274)	0.1351455857548212
(1,275)	0.1271307709162185
(1,276)	0.1266565058335362
(1,277)	0.1296102839825211
(1,278)	0.1328184012935626
(1,279)	0.1372156148023324
(1,280)	0.135246521804199
(1,281)	0.1432539291783741
(1,282)	0.1634531455757463
(1,283)	0.1806893396050514
(1,284)	0.2063318018865779
(1,285)	0.2320809896445236
(1,286)	0.234233577049453
(1,287)	0.20710487102054
(1,288)	0.1877009314063777
(1,289)	0.2438579213408626
(1,290)	0.3127915903380224
(1,291)	0.3525647895248198
(1,292)	0.3561869905499662
(1,293)	0.3381189343508769
(1,294)	0.2926139067139624
(1,295)	0.2625091352679366
(1,296)	0.2485172850858916
(1,297)	0.2000503257170181
(1,298)	0.1902683898957869
(1,299)	0.2044078299530957
(1,300)	0.2138404708945069
(1,301)	0.209980374407708
(1,302)	0.1854935570673985
(1,303)	0.1598949987702773
(1,304)	0.1538977904748882
(1,305)	0.1686656584518409
(1,306)	0.198522730121176
(1,307)	0.2178046823518581
(1,308)	0.2155946344008899
(1,309)	0.1999977031089852
(1,310)	0.1819122427045334
(1,311)	0.1641553411324424
(1,312)	0.1629787063328567
(1,313)	0.1409645006819402
(1,314)	0.09460832069728062
(1,315)	0.05941493203894291
(1,316)	0.03869029716120029
(1,317)	0.02733942305604093
(1,318)	0.02011471676080365
(1,319)	0.01422401302573064
(1,320)	0.01293798870604675
(1,321)	0.008968423585820822
(1,322)	0.007212303437266383
(1,323)	0.007015798139235132
(1,324)	0.007030477080095538
(1,325)	0.005935636430132598
(1,326)	0.003756570636790825
(1,327)	0.002836537763920479
(1,328)	0.002312333098377701
(1,329)	0.001967644412650789
(1,330)	0.002006517660501183
(1,331)	0.002402349465303509
(1,332)	0.003102913176635813
(1,333)	0.003992703566905276
(1,334)	0.004751763683107989
(1,335)	0.004870203826182992
(1,336)	0.005501266925848011
(1,337)	0.003799887712404904
(1,338)	0.003136461762075159
(1,339)	0.00391781454929861
(1,340)	0.00466772710571773
(1,341)	0.005548231785256728
(1,342)	0.006397612924405317
(1,343)	0.008431012592469875
(1,344)	0.01171912523240923
(1,345)	0.01036401360029044
(1,346)	0.005519406376668517
(1,347)	0.003471429990983524
(1,348)	0.002399720238592216
(1,349)	0.002197217815723991
(1,350)	0.002406590218813317
(1,351)	0.003806354865575278
(1,352)	0.03183888403896122
(1,353)	0.1082086220807434
(1,354)	0.1388560638506678
(1,355)	0.14242410527315
(1,356)	0.154471362341443
(1,357)	0.1587242473797222
(1,358)	0.1329079150712058
(1,359)	0.1332801039963265
(1,360)	0.1449343803103245
(1,361)	0.1702909488740484
(1,362)	0.200761377086622
(1,363)	0.227421022272642
(1,364)	0.2258308244012853
(1,365)	0.2042330407489502
(1,366)	0.1889644916460432
(1,367)	0.1910803246757174
(1,368)	0.1899358621028499
(1,369)	0.1729277658535945
(1,370)	0.1838996328375681
(1,371)	0.2205626513239293
(1,372)	0.2429896033139462
(1,373)	0.2496779468505649
(1,374)	0.2698923680066304
(1,375)	0.2952497392075589
(1,376)	0.3102027595473176
(1,377)	0.2990303335747805
(1,378)	0.2736679621779005
(1,379)	0.2473554875413485
(1,380)	0.2243105907480843
(1,381)	0.2024233416693538
(1,382)	0.1796262539372579
(1,383)	0.1617215943878772
(1,384)	0.1714638039332143
(1,385)	0.19093085121093
(1,386)	0.2083703639607219
(1,387)	0.230190155179239
(1,388)	0.2560935326293372
(1,389)	0.2843697267588897
(1,390)	0.3109999123752606
(1,391)	0.3256915741628179
(1,392)	0.3221734531383115
(1,393)	0.2310436490458985
(1,394)	0.1842664600428641
(1,395)	0.1632248608951628
(1,396)	0.1356797253542191
(1,397)	0.1048071626759548
(1,398)	0.07649566646863137
(1,399)	0.05970442607183803
(1,400)	0.06009694495758149
(1,401)	0.06536804600952421
(1,402)	0.07461693116412949
(1,403)	0.0889983474946496
(1,404)	0.09944439971789161
(1,405)	0.1069380244095796
(1,406)	0.1113452679726973
(1,407)	0.1154215416428845
(1,408)	0.1280543501016484
(1,409)	0.1275533669032752
(1,410)	0.1161831467721843
(1,411)	0.120739957492072
(1,412)	0.1385825797920175
(1,413)	0.159080328218708
(1,414)	0.1812460658981475
(1,415)	0.2053000917850018
(1,416)	0.2280130301193926
(1,417)	0.1905754409119887
(1,418)	0.1819367351041269
(1,419)	0.1998918697807796
(1,420)	0.2079442373173997
(1,421)	0.1895393841791738
(1,422)	0.1810372018966198
(1,423)	0.1601582603067692
(1,424)	0.1635935094617519
(1,425)	0.1704638302361308
(1,426)	0.1718902414401844
(1,427)	0.1940189399419062
(1,428)	0.2049758302733123
(1,429)	0.2183731895705702
(1,430)	0.2191987902155174
(1,431)	0.204358188773739
(1,432)	0.1846074476206961
(1,433)	0.2433965045136595
(1,434)	0.2818766605265508
(1,435)	0.2912567518525031
(1,436)	0.2586522369366236
(1,437)	0.2147756211329944
(1,438)	0.1853271720424439
(1,439)	0.1747111204890029
(1,440)	0.161308676117083
(1,441)	0.1193009173809858
(1,442)	0.08989732838082413
(1,443)	0.07685349733864884
(1,444)	0.07483255104645287
(1,445)	0.08304599613699189
(1,446)	0.1042654834406864
(1,447)	0.1358440247911484
(1,448)	0.1665119553778249
(1,449)	0.191906048238373
(1,450)	0.2036242377928762
(1,451)	0.2080333949268716
(1,452)	0.2001563659736918
(1,453)	0.177453888750984
(1,454)	0.1597955466451099
(1,455)	0.1523427241470612
(1,456)	0.1613918659059173
(1,457)	0.1704095862156189
(1,458)	0.1511292390050192
(1,459)	0.1290833477186469
(1,460)	0.1231036360308913
(1,461)	0.1239829509409645
(1,462)	0.1187686796859697
(1,463)	0.1107109168435462
(1,464)	0.1015147550420202
(1,465)	0.07395450217479074
(1,466)	0.05954002758415734
(1,467)	0.04178442770488655
(1,468)	0.028651491960712
(1,469)	0.01766421103792418
(1,470)	0.01170639828719449
(1,471)	0.01158653838095035
(1,472)	0.01368600833664323
(1,473)	0.0133368825014958
(1,474)	0.009031338912627805
(1,475)	0.007464518667827451
(1,476)	0.01126905529266663
(1,477)	0.02138986191770453
(1,478)	0.03393282536863903
(1,479)	0.04944819975641664
(1,480)	0.07030251329770264
(1,481)	0.07974590772378772
(1,482)	0.07479329065271566
(1,483)	0.07711158402451572
(1,484)	0.07897415604036466
(1,485)	0.06880906132682857
(1,486)	0.0518348214484261
(1,487)	0.03632091624577516
(1,488)	0.02651501830600179
(1,489)	0.01525346836106936
(1,490)	0.0089450922306697
(1,491)	0.005058476531569112
(1,492)	0.003720467210266675
(1,493)	0.004240716700102364
(1,494)	0.004470826886339814
(1,495)	0.004048635937881156
(1,496)	0.003320302145390873
(1,497)	0.002059747768851049
(1,498)	0.001359051734223615
(1,499)	0.002468399877496761
(1,500)	0.00729751889506406
(1,501)	0.01221996526380198
(1,502)	0.01745011898062798
(1,503)	0.02184252812201678
(2,0)	0.02409427593385939
(2,1)	0.08893468763339975
(2,2)	0.166029046904495
(2,3)	0.1836892935942692
(2,4)	0.1836408741156784
(2,5)	0.1920889282957268
(2,6)	0.193476698186681
(2,7)	0.185725104058746
(2,8)	0.1662960182202168
(2,9)	0.1454992454122856
(2,10)	0.1540409607786191
(2,11)	0.1635008391550879
(2,12)	0.1815366042259931
(2,13)	0.2097812339286164
(2,14)	0.2239804440225905
(2,15)	0.2062355293748121
(2,16)	0.1935577661985463
(2,17)	0.1828226733030929
(2,18)	0.170601485049975
(2,19)	0.1650880627368708
(2,20)	0.1596154487826719
(2,21)	0.149540001192651
(2,22)	0.1436851023806136
(2,23)	0.1371926155128615
(2,24)	0.1508547960281854
(2,25)	0.1905652658563487
(2,26)	0.2224256075618982
(2,27)	0.2287028623490054
(2,28)	0.2252262652693778
(2,29)	0.2141774983480718
(2,30)	0.1901138658458293
(2,31)	0.1719681166513317
(2,32)	0.1559938557382551
(2,33)	0.1437981682904733
(2,34)	0.1419549176547886
(2,35)	0.1508180767944623
(2,36)	0.180258812703525
(2,37)	0.1841802931253608
(2,38)	0.1582026587042586
(2,39)	0.1455572678294473
(2,40)	0.1368720076635087
(2,41)	0.1349680488564834
(2,42)	0.1357938078762019
(2,43)	0.1353916222074854
(2,44)	0.1296533914778736
(2,45)	0.1232224346559328
(2,46)	0.1175756521297746
(2,47)	0.1170214867624795
(2,48)	0.1435706544602139
(2,49)	0.1924704472270256
(2,50)	0.2181738934579153
(2,51)	0.223057884414225
(2,52)	0.2270005156168182
(2,53)	0.2300501326982271
(2,54)	0.2166342012043998
(2,55)	0.2028073155332702
(2,56)	0.1850627855156013
(2,57)	0.1590027096153956
(2,58)	0.168420975357448
(2,59)	0.1892889734333321
(2,60)	0.2059569920140003
(2,61)	0.211468885717927
(2,62)	0.2091546254964588
(2,63)	0.2047610007954812
(2,64)	0.2078906562947836
(2,65)	0.2103420538177315
(2,66)	0.2184416189386435
(2,67)	0.2173222209998857
(2,68)	0.2088389009450285
(2,69)	0.2075609754576867
(2,70)	0.1988195882199396
(2,71)	0.1802295898073992
(2,72)	0.1626609722245441
(2,73)	0.1641391834356165
(2,74)	0.177482012957039
(2,75)	0.221911569684936
(2,76)	0.2557199882223113
(2,77)	0.2761388909690733
(2,78)	0.29170242563427
(2,79)	0.3075087248522993
(2,80)	0.3158858585224251
(2,81)	0.2787350236649079
(2,82)	0.2659488867801479
(2,83)	0.2506649332913976
(2,84)	0.2351842303243959
(2,85)	0.2426570807711386
(2,86)	0.2610534194650306
(2,87)	0.2665511796789895
(2,88)	0.2631647157501321
(2,89)	0.2568853362692568
(2,90)	0.2538387054579773
(2,91)	0.250348473021458
(2,92)	0.240372140877738
(2,93)	0.2102907737525989
(2,94)	0.172549073880222
(2,95)	0.142899947512973
(2,96)	0.1342832951285725
(2,97)	0.1481297971776727
(2,98)	0.1601876009198229
(2,99)	0.1747308412529772
(2,100)	0.1726038779052319
(2,101)	0.1766440566492809
(2,102)	0.1830693227398386
(2,103)	0.1766753402701575
(2,104)	0.1519615151545902
(2,105)	0.1370542421797585
(2,106)	0.1551829533539425
(2,107)	0.1882027160340237
(2,108)	0.2260817536762751
(2,109)	0.2437374607414293
(2,110)	0.2515742559001571
(2,111)	0.260217887519661
(2,112)	0.252534531767733
(2,113)	0.2115773265790573
(2,114)	0.1795971902821401
(2,115)	0.1818879534516029
(2,116)	0.2108467294709221
(2,117)	0.2087193868674518
(2,118)	0.1801532001577773
(2,119)	0.1444274404824984
(2,120)	0.1492380059585139
(2,121)	0.2017760058484893
(2,122)	0.2534595569550131
(2,123)	0.2598132523963235
(2,124)	0.2530166390925453
(2,125)	0.2542387601499985
(2,126)	0.2546337857022412
(2,127)	0.2548516475318257
(2,128)	0.2413473182787863
(2,129)	0.1958087983401204
(2,130)	0.1693279785815907
(2,131)	0.1477254349737196
(2,132)	0.209951694263709
(2,133)	0.2954872891010929
(2,134)	0.3377411220537829
(2,135)	0.3580974024210478
(2,136)	0.3579979985667159
(2,137)	0.3407913815400462
(2,138)	0.3192358360858142
(2,139)	0.2871995991751347
(2,140)	0.2384777165162841
(2,141)	0.1935081073146386
(2,142)	0.1600896821057249
(2,143)	0.1405736502616804
(2,144)	0.1362481024765155
(2,145)	0.1487802057767409
(2,146)	0.1920036061086123
(2,147)	0.2444847898112159
(2,148)	0.2672059774759014
(2,149)	0.271937130780703
(2,150)	0.2711844451963991
(2,151)	0.2612368426190096
(2,152)	0.2450260330068993
(2,153)	0.2024414601474032
(2,154)	0.1777760705473969
(2,155)	0.170200656273674
(2,156)	0.1947004375934188
(2,157)	0.248616934450272
(2,158)	0.2866613585768303
(2,159)	0.2987177314804869
(2,160)	0.306936555437795
(2,161)	0.311562648427514
(2,162)	0.3042070963614462
(2,163)	0.2778535585770935
(2,164)	0.2311660159076942
(2,165)	0.1849774763318382
(2,166)	0.1487270153138316
(2,167)	0.1275129705959244
(2,168)	0.1514354161109586
(2,169)	0.2148490395054214
(2,170)	0.2654977951481394
(2,171)	0.2717298613035891
(2,172)	0.2491880907081039
(2,173)	0.2217311922720259
(2,174)	0.2084679589951608
(2,175)	0.1985667887288968
(2,176)	0.183311958694255
(2,177)	0.1352803174230715
(2,178)	0.1126185482269274
(2,179)	0.1100197678676557
(2,180)	0.1137556537882862
(2,181)	0.1810495527244385
(2,182)	0.2528083229257438
(2,183)	0.2995462723670457
(2,184)	0.3105074213777909
(2,185)	0.3096545940034487
(2,186)	0.3015357148481629
(2,187)	0.296149826573038
(2,188)	0.2702478687894211
(2,189)	0.2127128853609629
(2,190)	0.1654496016309309
(2,191)	0.1400174277110234
(2,192)	0.1503323083805416
(2,193)	0.1662284050738116
(2,194)	0.1573454683826924
(2,195)	0.153245406284067
(2,196)	0.1525978413378885
(2,197)	0.14777991427031
(2,198)	0.140160344784508
(2,199)	0.1335104711080152
(2,200)	0.1324138395824813
(2,201)	0.1337686323415486
(2,202)	0.1435395170765068
(2,203)	0.1511523602705164
(2,204)	0.1427526088492748
(2,205)	0.1394996672835883
(2,206)	0.1454008752436493
(2,207)	0.1517763243944005
(2,208)	0.1424945261051042
(2,209)	0.134830503823603
(2,210)	0.1277910154458971
(2,211)	0.1184939773588667
(2,212)	0.111003735907729
(2,213)	0.1037196214732438
(2,214)	0.0951636017737961
(2,215)	0.09114119918199994
(2,216)	0.09532116811282247
(2,217)	0.1100545580932596
(2,218)	0.1168611626306231
(2,219)	0.1116018534921496
(2,220)	0.1073579629923591
(2,221)	0.1181530450394514
(2,222)	0.1334188387613849
(2,223)	0.1368604508209872
(2,224)	0.1359898035363803
(2,225)	0.1353603702047037
(2,226)	0.1475735890465754
(2,227)	0.1714302245451618
(2,228)	0.1951723462934112
(2,229)	0.2083952599957315
(2,230)	0.1952842523892307
(2,231)	0.1783339028779183
(2,232)	0.1661084724479284
(2,233)	0.1543391876163592
(2,234)	0.1416813359314214
(2,235)	0.135455110805255
(2,236)	0.1245316825887577
(2,237)	0.1127706800838957
(2,238)	0.1099653794797679
(2,239)	0.1132074745255463
(2,240)	0.1465819018262351
(2,241)	0.1887107717801979
(2,242)	0.2056476715374175
(2,243)	0.2092477110542184
(2,244)	0.1978428302465656
(2,245)	0.1842357210514408
(2,246)	0.1726874626369784
(2,247)	0.1664538630899086
(2,248)	0.1691617133660591
(2,249)	0.1494906293858137
(2,250)	0.1371237561974137
(2,251)	0.1490804768084498
(2,252)	0.169402305457126
(2,253)	0.1679258672710725
(2,254)	0.1668590812779504
(2,255)	0.1807452766093847
(2,256)	0.1907995486899235
(2,257)	0.1974859265451443
(2,258)	0.200544625312165
(2,259)	0.1987666997436172
(2,260)	0.1910476324860881
(2,261)	0.1767387302512288
(2,262)	0.1669008329232879
(2,263)	0.1558583317054663
(2,264)	0.158511938306061
(2,265)	0.1784090148087618
(2,266)	0.1711885516033493
(2,267)	0.1551483485299578
(2,268)	0.1398073809676439
(2,269)	0.1349363838790262
(2,270)	0.1428458058289571
(2,271)	0.1454276091895555
(2,272)	0.1411457742778355
(2,273)	0.1174430148269066
(2,274)	0.1126253680196231
(2,275)	0.1258171204425022
(2,276)	0.1326959596338419
(2,277)	0.1282365557074986
(2,278)	0.1332157873198322
(2,279)	0.140915340400518
(2,280)	0.1629892429358213
(2,281)	0.1780883861826039
(2,282)	0.1831863690221682
(2,283)	0.2062157336504102
(2,284)	0.2043647938957914
(2,285)	0.1653192304285698
(2,286)	0.1212098908969563
(2,287)	0.1238895433918176
(2,288)	0.1221959916156402
(2,289)	0.1195445427534585
(2,290)	0.1057060929969947
(2,291)	0.09985342465657135
(2,292)	0.09330854999837256
(2,293)	0.1012672660940991
(2,294)	0.1171168245827795
(2,295)	0.1249965104681944
(2,296)	0.1220817411697606
(2,297)	0.09645881665170228
(2,298)	0.09057336251933186
(2,299)	0.09905846567273249
(2,300)	0.1104936756255359
(2,301)	0.1268278046503959
(2,302)	0.1577605819190223
(2,303)	0.1721829914958113
(2,304)	0.1710599137722851
(2,305)	0.1673034689762808
(2,306)	0.1606715145989652
(2,307)	0.1548935440628213
(2,308)	0.1465138502103224
(2,309)	0.1354513929666669
(2,310)	0.1297081212363352
(2,311)	0.127186391658646
(2,312)	0.1532451292206825
(2,313)	0.2067687013003146
(2,314)	0.2326120138898169
(2,315)	0.2270005172478511
(2,316)	0.2190961628955163
(2,317)	0.2219315994952236
(2,318)	0.2352979401868689
(2,319)	0.2508247218402072
(2,320)	0.2659186260804213
(2,321)	0.2386540816296303
(2,322)	0.2153363556218089
(2,323)	0.2262526201125871
(2,324)	0.237304656969209
(2,325)	0.2711898023421016
(2,326)	0.3351469297932066
(2,327)	0.3827779021013145
(2,328)	0.3935439698172475
(2,329)	0.3956338011545483
(2,330)	0.3961001607187493
(2,331)	0.3939196936089432
(2,332)	0.3829548185443507
(2,333)	0.364861485722972
(2,334)	0.3397487277021259
(2,335)	0.31513031776663
(2,336)	0.3465479732802283
(2,337)	0.369730217721965
(2,338)	0.3412107180542879
(2,339)	0.3004051500742138
(2,340)	0.2682381892913266
(2,341)	0.2458639148864639
(2,342)	0.229749969781944
(2,343)	0.2129203872931784
(2,344)	0.1929659234733695
(2,345)	0.1544082868947515
(2,346)	0.1311923374288043
(2,347)	0.1437193226607245
(2,348)	0.1702653986198562
(2,349)	0.1773727173872321
(2,350)	0.1817724333907848
(2,351)	0.1754911405070514
(2,352)	0.1421503500004687
(2,353)	0.1012960328299412
(2,354)	0.08074574199701025
(2,355)	0.07408858786739243
(2,356)	0.07668906552964762
(2,357)	0.09658981757931467
(2,358)	0.1493063462603693
(2,359)	0.193983527200847
(2,360)	0.1545280270126468
(2,361)	0.1393552024874137
(2,362)	0.1434282697259239
(2,363)	0.1195912712539715
(2,364)	0.1203266800598194
(2,365)	0.1381885453049053
(2,366)	0.1495685679141475
(2,367)	0.1459067856840089
(2,368)	0.1334416639797749
(2,369)	0.1072694373041165
(2,370)	0.09643579374091613
(2,371)	0.1078122242794689
(2,372)	0.1161973271491407
(2,373)	0.1315192704393224
(2,374)	0.1243226352265888
(2,375)	0.1188971004203346
(2,376)	0.1241526879006103
(2,377)	0.1255132825633999
(2,378)	0.1300910148285733
(2,379)	0.131278731973304
(2,380)	0.1237279724330306
(2,381)	0.1170781433108227
(2,382)	0.1120067288906261
(2,383)	0.1103279338507056
(2,384)	0.1283241750561655
(2,385)	0.1561441478365697
(2,386)	0.1593206323944939
(2,387)	0.1389959087305526
(2,388)	0.1169732384272491
(2,389)	0.09965760744006301
(2,390)	0.08149444491023075
(2,391)	0.06900097847893426
(2,392)	0.06717105362237076
(2,393)	0.06441829979922264
(2,394)	0.08112434088972065
(2,395)	0.1029155978041934
(2,396)	0.1233993361599308
(2,397)	0.1556316846565703
(2,398)	0.1724492276987696
(2,399)	0.1892869728509578
(2,400)	0.2028920973408355
(2,401)	0.2072141365747702
(2,402)	0.1933089309205331
(2,403)	0.1824584713060753
(2,404)	0.1713819336439291
(2,405)	0.1585013067036209
(2,406)	0.1526047072950158
(2,407)	0.1438684229175338
(2,408)	0.1602083165267223
(2,409)	0.1833741238379301
(2,410)	0.1796408483652548
(2,411)	0.1691769357654699
(2,412)	0.1535627650020794
(2,413)	0.1367328710901012
(2,414)	0.1221303742782946
(2,415)	0.1084940118528579
(2,416)	0.09469564563723984
(2,417)	0.0663998044239727
(2,418)	0.06140064765898166
(2,419)	0.06788742974631931
(2,420)	0.07875235078423168
(2,421)	0.115706642605656
(2,422)	0.1547165471731296
(2,423)	0.1926271325233972
(2,424)	0.2258439582262143
(2,425)	0.255196150266758
(2,426)	0.2264712306927218
(2,427)	0.157169888772609
(2,428)	0.128547259168654
(2,429)	0.1122888790124069
(2,430)	0.09906008041611238
(2,431)	0.09923397492007584
(2,432)	0.1044510722326529
(2,433)	0.1332517967818148
(2,434)	0.135216400442563
(2,435)	0.1301605979726586
(2,436)	0.1398625112557348
(2,437)	0.1534099416218233
(2,438)	0.1611970083355637
(2,439)	0.1673101632094405
(2,440)	0.1692183192425078
(2,441)	0.155566573471792
(2,442)	0.1587016098853576
(2,443)	0.1637707155736375
(2,444)	0.170924662761526
(2,445)	0.1676849404683667
(2,446)	0.1629567813961625
(2,447)	0.1615709508103771
(2,448)	0.1558448706054516
(2,449)	0.1468719615026864
(2,450)	0.1388310083030888
(2,451)	0.1368207172260751
(2,452)	0.1358628876315105
(2,453)	0.1328671266153436
(2,454)	0.1265086354771044
(2,455)	0.1231391576661042
(2,456)	0.1403378318834392
(2,457)	0.1796595243059687
(2,458)	0.2111027442775169
(2,459)	0.2139184009994587
(2,460)	0.2020328130963004
(2,461)	0.1927986061861393
(2,462)	0.1851118408276375
(2,463)	0.1790037179681716
(2,464)	0.1763809993633856
(2,465)	0.1413089021383694
(2,466)	0.1435615000804052
(2,467)	0.1641433412099984
(2,468)	0.1904852020304477
(2,469)	0.2091658092616917
(2,470)	0.2093480426247089
(2,471)	0.2378168004010643
(2,472)	0.262556624629175
(2,473)	0.2629993573926662
(2,474)	0.2551676693681918
(2,475)	0.2446410281623949
(2,476)	0.225659750678623
(2,477)	0.2060939386021168
(2,478)	0.1817717950678801
(2,479)	0.1585568237986714
(2,480)	0.1560419324563707
(2,481)	0.1710618873429477
(2,482)	0.1743354850955934
(2,483)	0.1743015861828568
(2,484)	0.1801463590081486
(2,485)	0.1925607246475581
(2,486)	0.2047679313167175
(2,487)	0.2159505352391164
(2,488)	0.222461473353096
(2,489)	0.1880516643947995
(2,490)	0.1823387797632516
(2,491)	0.1778377321361542
(2,492)	0.158840506954197
(2,493)	0.1824572201175376
(2,494)	0.2026661110279094
(2,495)	0.2480910755634887
(2,496)	0.3064072441732071
(2,497)	0.3424551017762159
(2,498)	0.3425681668070061
(2,499)	0.3219666311335
(2,500)	0.2999017801158994
(2,501)	0.2668531568535439
(2,502)	0.2324249420904628
(2,503)	0.1998042608410681
(3,0)	5.285290059985772e-09
(3,1)	4.155558653002737e-10
(3,2)	1.695637951366843e-05
(3,3)	0.0004810345544817198
(3,4)	0.00322315528226379
(3,5)	0.008574564523573417
(3,6)	0.01645433562003498
(3,7)	0.02592176755455765
(3,8)	0.0308959764178967
(3,9)	0.02436617368065201
(3,10)	0.02288709987335115
(3,11)	0.02726454593724582
(3,12)	0.03008295108985887
(3,13)	0.03241909037851299
(3,14)	0.03160810821896601
(3,15)	0.02879863656587438
(3,16)	0.03091154168933382
(3,17)	0.03420543023515464
(3,18)	0.03423344602682995
(3,19)	0.03209998460255923
(3,20)	0.02889436885782291
(3,21)	0.02501997115977343
(3,22)	0.02088811267189781
(3,23)	0.01661083941130841
(3,24)	0.01543311887826007
(3,25)	0.0191634429912635
(3,26)	0.0245382377994041
(3,27)	0.02894288578214744
(3,28)	0.03024888273142479
(3,29)	0.03038096060156684
(3,30)	0.02996650881271081
(3,31)	0.02821557243139832
(3,32)	0.02350193713612401
(3,33)	0.0169732505136958
(3,34)	0.01717210237573841
(3,35)	0.0185576538218235
(3,36)	0.01964654610573539
(3,37)	0.01972613613979134
(3,38)	0.01565116599714685
(3,39)	0.01412122264421025
(3,40)	0.01394336278038134
(3,41)	0.01603353609167459
(3,42)	0.01906193028368792
(3,43)	0.02208598984947213
(3,44)	0.02341643915084632
(3,45)	0.02208919941031346
(3,46)	0.01975486678605493
(3,47)	0.0181681358751947
(3,48)	0.02167980850925328
(3,49)	0.03314761723162975
(3,50)	0.04468488910435687
(3,51)	0.04813146114179025
(3,52)	0.04967801794403304
(3,53)	0.05234407860655029
(3,54)	0.05259535408775477
(3,55)	0.05508115321876011
(3,56)	0.05653192410193173
(3,57)	0.04721864577960694
(3,58)	0.05257180134796974
(3,59)	0.06256729933298512
(3,60)	0.07258332864416425
(3,61)	0.07708377660581411
(3,62)	0.08110948219062152
(3,63)	0.09255135217594163
(3,64)	0.1042353255891278
(3,65)	0.113926720758045
(3,66)	0.1251719513230907
(3,67)	0.1333811597131723
(3,68)	0.1365244685295464
(3,69)	0.1352601927331157
(3,70)	0.136657272898683
(3,71)	0.1372809526416249
(3,72)	0.1247171515092783
(3,73)	0.1220511049606905
(3,74)	0.1161067520831196
(3,75)	0.1139557935538894
(3,76)	0.1091006220955895
(3,77)	0.09980016796989288
(3,78)	0.09190715083232606
(3,79)	0.09187266913962366
(3,80)	0.09699464268168935
(3,81)	0.08615285210090956
(3,82)	0.08880334104070869
(3,83)	0.1042596870063457
(3,84)	0.1260075255019337
(3,85)	0.1573848274441905
(3,86)	0.1955659066940386
(3,87)	0.2327768265195725
(3,88)	0.2585783127039466
(3,89)	0.2774437386340404
(3,90)	0.2926753066223142
(3,91)	0.3006294994732813
(3,92)	0.301542475197338
(3,93)	0.304624767218625
(3,94)	0.3116609426881812
(3,95)	0.3064164807494748
(3,96)	0.2970571978219617
(3,97)	0.3120383030584794
(3,98)	0.3094672027901633
(3,99)	0.2916912618440136
(3,100)	0.2736116660676762
(3,101)	0.2526428891799886
(3,102)	0.228402804157868
(3,103)	0.2086174027095431
(3,104)	0.1732848025328823
(3,105)	0.122446005237717
(3,106)	0.1177324852141022
(3,107)	0.1265634747413128
(3,108)	0.1425354754832506
(3,109)	0.1600330056232683
(3,110)	0.1636719623371271
(3,111)	0.1492459317440078
(3,112)	0.1242606995287941
(3,113)	0.09995713248790571
(3,114)	0.08396298940038796
(3,115)	0.09257196940776292
(3,116)	0.1026219226696022
(3,117)	0.1039754480004352
(3,118)	0.08829949079054362
(3,119)	0.0665031476314699
(3,120)	0.05637185915265868
(3,121)	0.05873284938311554
(3,122)	0.06453168567130871
(3,123)	0.06917867273397629
(3,124)	0.07616447030078888
(3,125)	0.08945096620294352
(3,126)	0.1026629743892052
(3,127)	0.1126766128672458
(3,128)	0.1246412281163374
(3,129)	0.125793835019462
(3,130)	0.1552455321434169
(3,131)	0.1954869282164533
(3,132)	0.2043981085934572
(3,133)	0.1911109538190469
(3,134)	0.1745026371879301
(3,135)	0.1738281751928347
(3,136)	0.1872991292150879
(3,137)	0.2065764562711378
(3,138)	0.2195260630583877
(3,139)	0.233281927723386
(3,140)	0.2533015357914465
(3,141)	0.2715055472477548
(3,142)	0.2724422219804972
(3,143)	0.2568439010073907
(3,144)	0.2131571600374675
(3,145)	0.1877927727946742
(3,146)	0.1708164984267125
(3,147)	0.1596878561583549
(3,148)	0.1584525378350608
(3,149)	0.1634839175690133
(3,150)	0.1671175043480979
(3,151)	0.1670345728474498
(3,152)	0.1708011223351379
(3,153)	0.1557280244927096
(3,154)	0.1614619568635811
(3,155)	0.1950049168872427
(3,156)	0.2206183062753793
(3,157)	0.2166357562348354
(3,158)	0.2094708223576705
(3,159)	0.2025839766218021
(3,160)	0.1942790754706843
(3,161)	0.1977921645017422
(3,162)	0.207507819068766
(3,163)	0.2215153047154622
(3,164)	0.2385396377948264
(3,165)	0.2662699866068695
(3,166)	0.2903908097894805
(3,167)	0.2866118724264272
(3,168)	0.2714845148214732
(3,169)	0.243534827229838
(3,170)	0.2184760372153527
(3,171)	0.2003108151206835
(3,172)	0.1889190499341695
(3,173)	0.1835044191870101
(3,174)	0.1822522614170485
(3,175)	0.1832077127704259
(3,176)	0.1810798220597333
(3,177)	0.145640930273105
(3,178)	0.1292202648792404
(3,179)	0.1416058196704261
(3,180)	0.1563295927887927
(3,181)	0.1557486668800121
(3,182)	0.1447416935353328
(3,183)	0.1331638949376504
(3,184)	0.1210149552971283
(3,185)	0.1063643831012348
(3,186)	0.09252256693826275
(3,187)	0.07447954573971338
(3,188)	0.05424310554251228
(3,189)	0.04897900289262349
(3,190)	0.05440498814079878
(3,191)	0.06766881043091715
(3,192)	0.09196900364729767
(3,193)	0.1174527191114886
(3,194)	0.1135446351232647
(3,195)	0.09500184406619754
(3,196)	0.06835517891155264
(3,197)	0.05115345485822714
(3,198)	0.04305614432810261
(3,199)	0.03898989186863263
(3,200)	0.03570109291986932
(3,201)	0.0311959489272524
(3,202)	0.02833309575566114
(3,203)	0.02948902385643334
(3,204)	0.03102392797746937
(3,205)	0.03181332229565509
(3,206)	0.03476229466663821
(3,207)	0.04120803733492123
(3,208)	0.04781860885745767
(3,209)	0.05036652537202056
(3,210)	0.04846265043079497
(3,211)	0.04382861648500405
(3,212)	0.03826404281785264
(3,213)	0.03200719917219234
(3,214)	0.02590059325778035
(3,215)	0.02150157083332871
(3,216)	0.0194840213033229
(3,217)	0.02452924394290376
(3,218)	0.02421703176000733
(3,219)	0.02298268074775139
(3,220)	0.02285374214805645
(3,221)	0.02269871932128505
(3,222)	0.02669440551977573
(3,223)	0.0271974190222936
(3,224)	0.03315062684992166
(3,225)	0.04088930671285627
(3,226)	0.04753842073364097
(3,227)	0.06170986843487859
(3,228)	0.07860297574879074
(3,229)	0.09837629452985801
(3,230)	0.1053998983106293
(3,231)	0.1015541967975927
(3,232)	0.09014193999352089
(3,233)	0.07573856260379011
(3,234)	0.06513262839973771
(3,235)	0.05382891943182098
(3,236)	0.04353175534216012
(3,237)	0.03645091927513581
(3,238)	0.03105423326601298
(3,239)	0.02837529153663376
(3,240)	0.03392889725983018
(3,241)	0.05004650622019671
(3,242)	0.0625170732639625
(3,243)	0.06278317602035935
(3,244)	0.0599888279027756
(3,245)	0.05861350403068451
(3,246)	0.0589798371565246
(3,247)	0.06407962291962122
(3,248)	0.07263129549679229
(3,249)	0.07385988115495432
(3,250)	0.08058930374103003
(3,251)	0.1006725629571808
(3,252)	0.1230107631155519
(3,253)	0.1577350606133938
(3,254)	0.1917845519637807
(3,255)	0.201585083267394
(3,256)	0.2017807151038598
(3,257)	0.1963433462589406
(3,258)	0.190974519107732
(3,259)	0.1841486182178575
(3,260)	0.1664494969154253
(3,261)	0.1458450030880241
(3,262)	0.1238516015263083
(3,263)	0.1030541840056325
(3,264)	0.1037608939415036
(3,265)	0.1290673487438512
(3,266)	0.1540118495407156
(3,267)	0.1400194471619241
(3,268)	0.1109969113226554
(3,269)	0.0864818298501301
(3,270)	0.07131782566678808
(3,271)	0.05864567451207644
(3,272)	0.05301017329421667
(3,273)	0.04383994767791747
(3,274)	0.04786652892257355
(3,275)	0.07065618803718672
(3,276)	0.09612016666044478
(3,277)	0.1196509611557752
(3,278)	0.1344960722901853
(3,279)	0.1474351458405274
(3,280)	0.1587510241811992
(3,281)	0.1549753657963623
(3,282)	0.1418950019026723
(3,283)	0.118038002411827
(3,284)	0.09655686996298153
(3,285)	0.0719088182966498
(3,286)	0.04590666705331255
(3,287)	0.03194396006228464
(3,288)	0.02220998902112112
(3,289)	0.01614899339990549
(3,290)	0.009126326592138155
(3,291)	0.006316574945748831
(3,292)	0.006866695512983031
(3,293)	0.008406992655864807
(3,294)	0.01043796572754292
(3,295)	0.01295885539696182
(3,296)	0.01426649186828056
(3,297)	0.01399929229535769
(3,298)	0.01510150871534315
(3,299)	0.02180134611995647
(3,300)	0.02970039963792861
(3,301)	0.03343300862547444
(3,302)	0.04129018605495233
(3,303)	0.05225176769037507
(3,304)	0.06220317237160703
(3,305)	0.07244883925194771
(3,306)	0.07839760145649556
(3,307)	0.07835657298563178
(3,308)	0.07614376660251354
(3,309)	0.07228773870375672
(3,310)	0.06949399448311415
(3,311)	0.06597029794614426
(3,312)	0.0724617872823905
(3,313)	0.09901251094632188
(3,314)	0.1414591104369213
(3,315)	0.1770492577991831
(3,316)	0.185241479592293
(3,317)	0.1771325085923968
(3,318)	0.1579118164730229
(3,319)	0.1402032685486065
(3,320)	0.1330258365029323
(3,321)	0.1137699583526637
(3,322)	0.09605914399446358
(3,323)	0.09286535070870007
(3,324)	0.09574350375334834
(3,325)	0.0985977180046083
(3,326)	0.09857235358841535
(3,327)	0.1004616909579699
(3,328)	0.1032369156720156
(3,329)	0.1061560425428492
(3,330)	0.1080230682240719
(3,331)	0.1143260203282224
(3,332)	0.1269113709694093
(3,333)	0.1405251942769831
(3,334)	0.1500115437810352
(3,335)	0.1519571937968112
(3,336)	0.1634953829506228
(3,337)	0.1779802242588931
(3,338)	0.1830414123753519
(3,339)	0.16079691385343
(3,340)	0.1304148941515291
(3,341)	0.1061491753273801
(3,342)	0.08820562307143939
(3,343)	0.07574414218833181
(3,344)	0.06517803586326354
(3,345)	0.05111810516094776
(3,346)	0.04279241545017378
(3,347)	0.03777874785326622
(3,348)	0.03466924218842563
(3,349)	0.03247258472165843
(3,350)	0.03042344710354397
(3,351)	0.02798422156746299
(3,352)	0.02590556379003267
(3,353)	0.02452395076663014
(3,354)	0.0247838565688403
(3,355)	0.02288712959155124
(3,356)	0.02110621678625485
(3,357)	0.01837210025698514
(3,358)	0.01336167935004536
(3,359)	0.01150544225154895
(3,360)	0.0108439054807578
(3,361)	0.009031979157836172
(3,362)	0.008341169151021488
(3,363)	0.01087744778967833
(3,364)	0.01643465588941198
(3,365)	0.01836009113145673
(3,366)	0.01836907180442333
(3,367)	0.0174845838577314
(3,368)	0.01532521806446547
(3,369)	0.01148605973796896
(3,370)	0.01018007308744143
(3,371)	0.01317327437698329
(3,372)	0.01730510889594023
(3,373)	0.02192027033216948
(3,374)	0.02433608801005843
(3,375)	0.02844869049945276
(3,376)	0.03444094550457207
(3,377)	0.04011638897643343
(3,378)	0.045611882765458
(3,379)	0.04751210040486983
(3,380)	0.0456563297272639
(3,381)	0.04159137750116706
(3,382)	0.0366605822894741
(3,383)	0.03251962237106472
(3,384)	0.03683688182620999
(3,385)	0.05055312747398665
(3,386)	0.06167110272247017
(3,387)	0.05633645635234739
(3,388)	0.04319186379640255
(3,389)	0.02969731654195062
(3,390)	0.01841655351496273
(3,391)	0.01139952732915098
(3,392)	0.009273724927668835
(3,393)	0.01066007321413046
(3,394)	0.02301346661628908
(3,395)	0.05362655046010769
(3,396)	0.09105953149405566
(3,397)	0.140490097403781
(3,398)	0.2094571228361948
(3,399)	0.274572789168431
(3,400)	0.307051642236602
(3,401)	0.3153760075781777
(3,402)	0.3190170160377628
(3,403)	0.3059777797841389
(3,404)	0.2786582501137468
(3,405)	0.2485210379827371
(3,406)	0.2222109188800055
(3,407)	0.1975747486423529
(3,408)	0.2098298878151403
(3,409)	0.2604422240854664
(3,410)	0.3061905667292248
(3,411)	0.314820922937594
(3,412)	0.2906799131682118
(3,413)	0.2548807764122409
(3,414)	0.2180447900250241
(3,415)	0.1832109843754016
(3,416)	0.1485219909852449
(3,417)	0.09087035518531414
(3,418)	0.06400920023559842
(3,419)	0.0590197827148334
(3,420)	0.06823022915715171
(3,421)	0.08965524303282034
(3,422)	0.1175357466637048
(3,423)	0.1407278737819069
(3,424)	0.1304459310555451
(3,425)	0.1040225357924273
(3,426)	0.1036682616186746
(3,427)	0.06961965680442903
(3,428)	0.040561961197545
(3,429)	0.02915830698735158
(3,430)	0.024063628262145
(3,431)	0.02357806293282794
(3,432)	0.02235113801386696
(3,433)	0.03056948863285386
(3,434)	0.02971642296463757
(3,435)	0.02922616436443404
(3,436)	0.02954194970140199
(3,437)	0.03512869896308394
(3,438)	0.03761747594383374
(3,439)	0.04557012531334496
(3,440)	0.05204095460966394
(3,441)	0.04498810667778354
(3,442)	0.04157317920812197
(3,443)	0.04749305413903374
(3,444)	0.05528673584893817
(3,445)	0.0600628590486328
(3,446)	0.06399249605781777
(3,447)	0.06977553294638245
(3,448)	0.07278364559701081
(3,449)	0.07236873049573535
(3,450)	0.07168501667607767
(3,451)	0.0751268167835098
(3,452)	0.08486875775147734
(3,453)	0.09850187410769307
(3,454)	0.1090519107381362
(3,455)	0.1082240259733324
(3,456)	0.1122904743596207
(3,457)	0.1281139966306523
(3,458)	0.1419975543732648
(3,459)	0.1476052722637891
(3,460)	0.1375652113727562
(3,461)	0.1213107214954569
(3,462)	0.1059512423563373
(3,463)	0.0979353183286195
(3,464)	0.09299399012647432
(3,465)	0.0755997731428666
(3,466)	0.08701577263126485
(3,467)	0.1195826514664462
(3,468)	0.1588981602714661
(3,469)	0.1969975215716144
(3,470)	0.2326415299150746
(3,471)	0.252897750292791
(3,472)	0.2708550385352586
(3,473)	0.2970420552344793
(3,474)	0.3117769049796194
(3,475)	0.3143845630816778
(3,476)	0.3075037039790845
(3,477)	0.2933419456397698
(3,478)	0.2797181893108175
(3,479)	0.2682389043257252
(3,480)	0.2817829290093256
(3,481)	0.3264662361221303
(3,482)	0.3625853921371185
(3,483)	0.3658303044815365
(3,484)	0.3426898310791058
(3,485)	0.3135189550253302
(3,486)	0.2870408223674626
(3,487)	0.2624962563386564
(3,488)	0.2432946334985668
(3,489)	0.1864595213840307
(3,490)	0.1656693293452955
(3,491)	0.1817215347705128
(3,492)	0.2125081541959698
(3,493)	0.2372553786486062
(3,494)	0.2441419840465451
(3,495)	0.2312194282147232
(3,496)	0.2165936413753611
(3,497)	0.2158958062325657
(3,498)	0.2307954777082431
(3,499)	0.246929744016614
(3,500)	0.2563438491793731
(3,501)	0.2641028414684986
(3,502)	0.2657675652561016
(3,503)	0.267663353301499
